,0,1,2,3,4,5,6,7,8,9,10,11,12,13,14,15,16,17,18,19,20,21,22,23,24,25,26
0,0.0,0.0,1.0,0.01,0.1,0.01,0.00010071767081602301,0.000126176706958966,0.00011647627596934613,0.0001283809350381788,0.00013027018166883166,0.00011727396656802242,0.00013137706892365177,0.00012129937006849814,0.00012505923926727088,0.000126202268078503,0.00013411659762020516,0.00011687009920699942,0.00014139095207144986,0.00012019957079164703,0.00011237427800929036,0.00011414743325333631,0.00014067773989225559,0.00012223640461354784,0.000132093196146663,0.00012862122693719193,0.0001233511470479941
1,0.0,1.0,1.0,0.01,0.1,0.01,0.00010080343557892722,0.00013095242370566484,0.00012536809080765843,0.0001291679447074553,0.00011431552790884989,0.00013548406094184942,0.00012813359630341523,0.00014397957687751697,0.0001215766768655504,0.00013587075039030196,0.00011989566532313054,0.00013392008881619316,0.00013543976972372703,0.00013776360708700814,0.00012516371235363292,0.00013600580140095633,0.00013210703471244983,0.00012254564202321188,0.00011925149745867736,0.00012409498006244447,0.00012218444334847946
2,0.0,0.0,1.0,0.01,0.1,0.1,8.956997015137956e-05,0.00010809037764219746,0.00011523138157997818,0.0001253269396494906,0.00012925084793566808,0.0001253835637511993,0.00012996977864534922,0.00011638960154144467,0.0001230626710499652,0.00011957904470813828,0.0001339012689795717,0.0001283408112520846,0.00012410187986963762,0.00011993402895804455,0.00012531676615577824,0.0001227380068627756,0.00012649176677892682,0.00012275642715829134,0.00013913161632631718,0.00012368375890909974,0.00012100744585752812
3,0.0,1.0,1.0,0.01,0.1,0.1,8.967167713600035e-05,0.00012626118462528914,0.0001141607496170608,0.00012645383795163766,0.0001101142596061631,0.00011453791819979538,0.0001281096063478443,0.00012877404234625206,0.00012958601361030174,0.00012460316661633573,0.00012079492103692073,0.00011627475411134316,0.00013238964848516832,0.00013474066622226757,0.0001240010006242503,0.0001265997051981617,0.00011189793112637066,0.000124076191615773,0.00011808906872994032,0.00013144312609051045,0.00013433531356237246
4,0.0,0.0,1.0,0.01,0.1,0.25,8.702992409917862e-05,0.00010770014223329731,0.00010901194059618562,0.00011444752371713622,0.00011537639754982183,0.00012480562219094627,0.0001111857039326706,0.00010705106959340605,0.00010729917416175216,0.00011307403770707699,0.00011216847808756247,0.0001174720493859317,0.00010416316812227343,0.00011411380294434722,0.00011825627610729606,0.00010302097662075333,0.00011390035517252803,0.00011479568315353692,0.00011453372242633252,0.00011092127834599976,0.00010444000174061778
5,0.0,1.0,1.0,0.01,0.1,0.25,8.708255136748105e-05,0.00010531080044614646,0.00011400072371986432,0.00011574310854599132,0.00011382595172249587,0.00011922278490767517,0.00012317788706175267,0.00011823395502636399,0.0001175234631969297,0.00012187294075012671,0.00010973493125761653,0.00011838549012829187,0.00010388549006260763,0.00011264298956045383,0.0001119014685217237,0.00012606114997656693,0.0001176587012669116,0.0001222555645545623,0.00012515452410872386,0.00013226933482482562,0.00011678012110087534
6,0.0,0.0,1.0,0.01,0.1,0.5,8.482089636619247e-05,0.00012012640624365087,0.00011154763917420172,0.00010602091695998484,0.00011802313121882451,0.00010812192151476982,0.00011852424428512016,0.00011035977003412336,0.00011392802173377468,0.00012091149728394725,0.000109487772251731,0.00011497455926432405,0.00010121762909220559,0.00011102136514721042,0.00010826158624181482,0.00011697673440937947,0.00011896649527236565,0.00012532741175824995,0.0001120819528159211,0.00011428028207349394,0.0001170879625150671
7,0.0,1.0,1.0,0.01,0.1,0.5,8.489640941424149e-05,9.896768822003054e-05,0.0001243101483005877,0.0001318245417182452,0.0001052095689198455,0.00011058632135983016,0.00011953272243517301,0.00010709453145968353,0.0001171237253513385,0.00011289354389183248,0.00010902870964739388,0.00011912928539090217,0.00011582848282509892,0.00011651162400913346,0.00011117466155943541,0.0001210589349327491,0.0001247100456708956,0.00011849469225876494,0.0001258686946345742,0.00010643333815052433,0.00012474149356070244
8,0.0,0.0,1.0,0.01,0.1,0.75,8.812243661833336e-05,0.00012224517908149762,0.00010836752722284362,0.0001152978437645551,0.00011324670775353074,0.00012739501521002788,0.00010610340853658374,0.0001227702865197141,0.00012784226257739621,0.0001242458404031752,0.00011854369202846428,0.00012028980290366138,0.0001228856838168732,0.00011211045189727997,0.00011905892810478577,0.00010773394336923969,0.0001141232473320847,0.0001172514142942745,0.00010736488023607969,0.00011332489563871071,0.00011904135526013109
9,0.0,1.0,1.0,0.01,0.1,0.75,8.824002889352473e-05,0.00010534213356987796,0.00010319511297987569,0.00011849589876973786,0.00011263931921516232,0.00011651074665380024,0.00011504736682881751,0.00011943880930084583,0.00011732493662405852,0.00011572774048072563,0.00010852055919267585,0.0001231575897807044,0.0001147666535314206,0.00011081905950710498,0.00012176280167194751,0.00010962025116151662,0.0001077441277415302,0.00010626061674373249,0.00011827221841976305,0.00011657851348325065,0.00012395643895923828
10,0.0,0.0,1.0,0.01,0.1,1.0,8.481324057489754e-05,0.00010746536585344193,0.00011441013283952581,0.00011560468535969022,0.00012329582694423565,0.00012053138542125261,0.00010970926519534281,0.00012383647605941628,0.00011818153803786067,0.00010855730137882086,0.00011748311137534311,0.00012479378182727002,0.00010282291949982497,0.00011763945930620122,0.00011667170169382317,0.00011221194090511566,0.00011485790756948475,0.00011008350626665322,0.00011520426494668929,0.00010753729010695876,0.00010998981349693242
11,0.0,1.0,1.0,0.01,0.1,1.0,8.490676453439646e-05,0.00011334707020520376,0.0001155339140450933,0.00012110788700276542,0.00011907832406521553,0.00011282601805598961,0.00011956476255005187,0.00011476943115712969,0.00011730577133716205,0.00011186812825220543,0.00011681090199668973,0.00011194936353948653,0.00012352656638197043,0.00012076485166528552,0.00011239062502067343,0.00012152478971245107,0.00011292160922773853,0.00012924931567295385,0.00011432417589749511,0.00011430266156248194,0.00012574936239238493
12,0.0,0.0,1.0,0.01,1.0,0.01,0.0013243696754049235,0.0013973740164481296,0.0014076160352113306,0.0013619746387147859,0.0013234583672959235,0.0013136088337835075,0.0014293671591787468,0.0014055725550728986,0.001385062203043289,0.001381158618440938,0.0013603378915522774,0.0013965306624303998,0.001329580344279022,0.001389058419401875,0.001374741997023759,0.0013351085871749408,0.0013845267253350833,0.0013983056635619492,0.0014045466089815436,0.0013969492587926988,0.0014248068692880797
13,0.0,1.0,1.0,0.01,1.0,0.01,0.0013265461198943228,0.0014154508326798666,0.001438354622620414,0.0013966383622858948,0.0013592792525562603,0.001389640249552069,0.001383079610378806,0.0014032171521172266,0.0014130085946795208,0.0013714394804659243,0.0014031897307783428,0.0014274887497751339,0.00136665140200352,0.0014147017860998523,0.001393234623368903,0.0014139663494475117,0.0013716141585347265,0.0013939662099476564,0.00142711564386145,0.00139094693865909,0.0013512649145085629
14,0.0,0.0,1.0,0.01,1.0,0.1,0.0008981076664714799,0.0009280251704281392,0.0009406896722378976,0.0009622137348352053,0.0009311651886664463,0.0009342404207197491,0.0009337696549971678,0.0009598220008626356,0.0009479267149352436,0.0009261164928488805,0.0009457781485775555,0.0009226550590521786,0.0009384322171400964,0.0009291425517457867,0.0009592273785469191,0.0009362671296802155,0.0009027609638288218,0.0009588351872277075,0.0009474884285433646,0.0009001191874586068,0.0009496810736344727
15,0.0,1.0,1.0,0.01,1.0,0.1,0.0008989334955463456,0.0009708107155221629,0.0008852428545574368,0.000960930130207857,0.0009218928368356997,0.0009274077853484572,0.0009781403556787414,0.0009105200129773178,0.0009343564773414624,0.0009694365156070358,0.0009224017806795335,0.0009568247898639111,0.0009339559944238444,0.0009869982718513509,0.000981013946945675,0.0009049561230179186,0.0009386016901699884,0.0009277331237834733,0.0009652710617035797,0.0009548997556972546,0.0009719367581573104
16,0.0,0.0,1.0,0.01,1.0,0.25,0.0004587642593924665,0.0004892174310114207,0.0004691331662485194,0.0004755971816693991,0.0004766866755472129,0.00047324422725879034,0.0004985843731261553,0.0005005547205324547,0.0004850941240382662,0.000469726413354129,0.000491349155387715,0.00047037620958195357,0.0004909033067166988,0.0005007792950002443,0.0004926311108061903,0.0004851650311206541,0.0004750451838197353,0.0004928425331458958,0.00047683455166760156,0.0004967320478832807,0.0004891198436581888
17,0.0,1.0,1.0,0.01,1.0,0.25,0.0004585757125312652,0.0004652655646437567,0.0004872133064719134,0.00046777983514264995,0.00048723128720572787,0.0004810406857890198,0.00047736677798438157,0.0004804943397326854,0.00047433093727858766,0.00048803658133923165,0.0004956423540143704,0.0004819571785010468,0.00046728631997850075,0.0004592864843764643,0.0005100601357391882,0.0004477776470428848,0.0004958601920178856,0.0004874293652689227,0.00050734419755554,0.0004999478414064454,0.0005014049651562581
18,0.0,0.0,1.0,0.01,1.0,0.5,0.00017979486236202182,0.00021576447679142605,0.0002172153728747059,0.0002267937442591434,0.00021926004291283167,0.0002109266153058814,0.00022547886865447922,0.00020387660651403756,0.00022185217954119745,0.00021043976258094404,0.00024128779236436495,0.0002050617703983567,0.00020302760109352724,0.00021297824219813837,0.0001962375362815425,0.00021453576651973808,0.00021565449133719873,0.00021243353895508284,0.00020836412305426743,0.0002131091526277505,0.00021905797077320793
19,0.0,1.0,1.0,0.01,1.0,0.5,0.00017994892796399794,0.00022530377822364578,0.0002112216306590685,0.00021045394357058225,0.00021492645562591094,0.00021521220053957298,0.00021941344835570557,0.00021853515944823693,0.00022625006941672475,0.0002283188537436296,0.00020965692777750978,0.00022713888321447705,0.0002174291965147432,0.0002150676366166219,0.00021544586099512904,0.0002184632751553325,0.00020589283936704562,0.00022710605904989792,0.00021401721985544664,0.00022261648780770815,0.00020728540563283996
20,0.0,0.0,1.0,0.01,1.0,0.75,0.00011293030067056671,0.00013751355243964367,0.00014654768664261448,0.00015718831358882296,0.00014361674360154414,0.00015293077258935592,0.00014160485900817978,0.000149769884771176,0.00016124649023670264,0.00014344961394502023,0.00014741962356331828,0.0001389756211090484,0.00013296678137930594,0.00014370594443969143,0.0001465940133527068,0.00014517575695588598,0.00015112302290577897,0.000141876380578196,0.00013393256006468781,0.00015215126049763448,0.00013882424325132355
21,0.0,1.0,1.0,0.01,1.0,0.75,0.00011298827132757596,0.00014481714688879352,0.00014529544965346448,0.00014082744147683802,0.00014122862842333995,0.0001406521015627756,0.00013997787683340542,0.00013372599113274758,0.00014065321726532012,0.00013984775620582693,0.00015129343582044355,0.0001362651307955558,0.00015233725341493468,0.00014313951444199521,0.00014044436947435046,0.00013327329755312856,0.00013708561086101767,0.0001430173569407561,0.00014562757379069368,0.00015682810042742684,0.00015235537208851128
22,0.0,0.0,1.0,0.01,1.0,1.0,9.899148077578958e-05,0.0001395819445153385,0.00012191540938829429,0.00011469018057293988,0.00012084400279924559,0.00012308471050308728,0.00011255105247862254,0.00012626651011246576,0.0001280277027963665,0.00011139275993596876,0.00011751948253858199,0.00011778238640916396,0.00010818261707186232,0.00012119773994119169,0.000124705718637253,0.00012803625551336873,0.0001282194728847963,0.00012908838237730237,0.00012401988212960906,0.00011556347019176204,0.00012618457219323734
23,0.0,1.0,1.0,0.01,1.0,1.0,9.904664098967503e-05,0.00011236555762819884,0.00011666282486611204,0.00012177514632650445,0.00011927527027876393,0.00012269479171101217,0.00011935440126943841,0.00012178369683199226,0.00011973221150440194,0.00012157979705059727,0.00011491054460824744,0.00012670884154729215,0.0001262496553280939,0.00012334995356348504,0.00011141156362453881,0.0001201484519967734,0.00012870740087669416,0.0001234533611469503,0.0001314894369090602,0.0001356870984052831,0.00012130449006641472
24,0.0,0.0,1.0,0.01,5.0,0.01,0.033965741793625284,0.034044747665116566,0.034071067252066385,0.03413156999901363,0.03407297647962584,0.033965565180843496,0.033874065328117334,0.034055436145950545,0.03411756891034452,0.03413069510705557,0.03405277541756407,0.03404068168425497,0.034071653938220675,0.03421204031312369,0.03424060720893608,0.03406076107974066,0.03412811360970227,0.03387158795021319,0.03382457418341567,0.03425204383504307,0.03380675908464756
25,0.0,1.0,1.0,0.01,5.0,0.01,0.03397425207756014,0.03385389982275141,0.03405548010316075,0.03408900472333582,0.03426595097230787,0.034097066406586905,0.03406535580076335,0.03403499147328808,0.03374372837106692,0.03386366186716643,0.033877637630152925,0.03418720376751197,0.03407762052269969,0.03398291016737006,0.03418346729992919,0.0341972691111897,0.034025553940902266,0.03424415595659287,0.03415519264715374,0.03415422208363051,0.034080274685624405
26,0.0,0.0,1.0,0.01,5.0,0.1,0.01942936789239197,0.019469090257382696,0.019580767814307825,0.019487234897695316,0.019519710962336994,0.0194098051850905,0.019554673968830285,0.01957649797168625,0.01975928230157824,0.01955735952451643,0.01958330485241613,0.019561753052714154,0.019429905368274065,0.019707219795224173,0.019457951714673676,0.019432921477389235,0.019805271484096776,0.019401061310228084,0.019603862050172113,0.019447147838013643,0.019573761674350543
27,0.0,1.0,1.0,0.01,5.0,0.1,0.019446712910016088,0.019480367413684512,0.01964282542260732,0.01947568498725483,0.019592667243281403,0.01949353469020815,0.01971409723403638,0.01965906527407489,0.01941819449484829,0.019541439908599443,0.019440970422578897,0.019652309184989804,0.019325927175042206,0.01970675130676363,0.01961500259108027,0.019538364958299973,0.019558156068931232,0.019470215815042286,0.01958679662210785,0.01966954584508925,0.019540771653714147
28,0.0,0.0,1.0,0.01,5.0,0.25,0.009311564870208814,0.00921879121246223,0.009287314315116344,0.009385465718335671,0.009304192672566247,0.009343084481455826,0.009243270251888296,0.00931878234207384,0.009236107010425208,0.009337142266042415,0.009211312001002569,0.009310404539910491,0.00928518830909156,0.00926225755358808,0.00934210792828755,0.009175928000979156,0.009205658632993902,0.009398072366736643,0.00921897318613681,0.009230686497109156,0.009245735230303195
29,0.0,1.0,1.0,0.01,5.0,0.25,0.009311407723688837,0.009266157147330152,0.009169285343509423,0.009242305676614248,0.009376070739066357,0.009196269960871658,0.009167012826173639,0.00922402242546556,0.009287005236645099,0.009376916104322112,0.009288314857837175,0.00910925410458077,0.009489148959433886,0.009122654377466986,0.009342718793884135,0.009353247917636384,0.009395675597414789,0.009199284835031052,0.009312331372474898,0.009301925812793333,0.009291384614413426
30,0.0,0.0,1.0,0.01,5.0,0.5,0.002598214443346933,0.002672208825339926,0.0025929597612997196,0.0026040784788483027,0.0026991229692600155,0.00264844875253211,0.0026295025533791673,0.002642283573460166,0.002593144928433496,0.0026810209915350707,0.002585479541036659,0.002631706255272174,0.00264910768529147,0.0026587643482157354,0.002711259574465109,0.0027183814090790312,0.0025507156536407833,0.0025938105263083274,0.0026760727251591643,0.002716573482692671,0.002645937227418939
31,0.0,1.0,1.0,0.01,5.0,0.5,0.0025984436845292434,0.002650509199881622,0.0026712888364973527,0.0026646331875376118,0.002639206697231294,0.002624832537151371,0.002624584973974077,0.002627792128332653,0.0026615621530825103,0.002598189518439737,0.0026790655014370017,0.002639341896560325,0.00263159210474565,0.0026717859446063383,0.0026819147690176253,0.002671556965594338,0.002624250097065878,0.0025741732589694664,0.0026809280273971782,0.00271229604291104,0.002660144423799459
32,0.0,0.0,1.0,0.01,5.0,0.75,0.0007506582897256751,0.0008347407577494113,0.0008133496788198522,0.0007946695696421177,0.0008152517369355799,0.0007964356861709271,0.000752065213073001,0.0008064793283910344,0.000826883363942059,0.00082906099300692,0.0008259350296711547,0.00080493316766585,0.0008206709942919663,0.0008225088187241973,0.0008051381699803391,0.000824668220896376,0.0007721959516557653,0.0008012932466645985,0.000817406405952855,0.0008411664538208093,0.0008118539747255294
33,0.0,1.0,1.0,0.01,5.0,0.75,0.0007502470253205409,0.000787647954007896,0.0008182171285739283,0.000833931506808972,0.000825172554192114,0.0007968343588903334,0.000814037606938147,0.0008101142659834451,0.0008092075201562675,0.000795356495476983,0.000779658538351571,0.0008302243030102106,0.0008361962158979525,0.0007998878550494323,0.0008457269769803499,0.0007995924713861322,0.000757876686718825,0.000801953805795121,0.000779899856635488,0.0008173566052242546,0.0007981101109018306
34,0.0,0.0,1.0,0.01,5.0,1.0,0.00028570523318721864,0.0002906232064170752,0.00029046662340226825,0.0003145373166537476,0.00030528254306049787,0.00029478855569727946,0.0003273756294524392,0.00030063467131834925,0.00028793446768671965,0.0003124800937209033,0.00030987728426939656,0.0002967782872553382,0.00033767451313485085,0.00031552851529459175,0.0003072746867489829,0.0003004642861283467,0.00031143539617353266,0.0003186889768849009,0.0002906936856933067,0.00030477899207312245,0.00032788794568290396
35,0.0,1.0,1.0,0.01,5.0,1.0,0.00028588982261634315,0.00030523593524060263,0.0003069113573286243,0.0002885934322857557,0.00030366808175204583,0.0003276891465098033,0.0003004197199104774,0.00029381629339603524,0.00031005134013239923,0.000316529893323999,0.0002962545031732331,0.00031988404469411775,0.0003178769064680955,0.0003044627473040366,0.00031932059210864933,0.00032003840452602946,0.00028490430884611995,0.0003141436655391117,0.00027770277703847887,0.00030826387858409195,0.0002922152457371476
36,0.0,0.0,1.0,0.01,10.0,0.01,0.13623394231549416,0.13686659244398894,0.13626529972756135,0.13634154544238114,0.1362269553665651,0.13626333764270496,0.13616574060091766,0.13624718568565433,0.13626083330262895,0.13649308771374305,0.13581664955776038,0.13625179428155643,0.1361105055616559,0.13661901990304795,0.13634600712788544,0.13618837740267514,0.1367787021045297,0.1359235040235502,0.13618397436030288,0.13609382307165552,0.1368938103796634
37,0.0,1.0,1.0,0.01,10.0,0.01,0.13635697899807,0.13681030515956208,0.13599839088777074,0.13636865067219953,0.13627458133397471,0.13601114214935536,0.13675691523721342,0.13617258455902886,0.13640822700531535,0.1359783202506732,0.13621466103141958,0.13618517270365565,0.13639809167739025,0.13651707704555588,0.13633506692028124,0.13657115439842682,0.1364224503386321,0.13612093616744342,0.13623276982881719,0.1366499577388582,0.13643692655242637
38,0.0,0.0,1.0,0.01,10.0,0.1,0.08313148028158478,0.0831577179408189,0.08348147489366936,0.08341182373445022,0.08374807600154754,0.0833504959819103,0.08316394198647019,0.08323072381945908,0.08359057742172911,0.08318225512909187,0.08368455707767095,0.0828740163627042,0.08365255131077967,0.08341630113810712,0.08345339442868767,0.08314615967281207,0.08356744204904851,0.0834351195195441,0.08353096143471239,0.0833165244795749,0.08396946492256882
39,0.0,1.0,1.0,0.01,10.0,0.1,0.08317872886965895,0.08318310854711955,0.08377598453892214,0.0834737550435486,0.08360805126753866,0.08324587992103594,0.0832550377257282,0.08347313334445508,0.08379230378391378,0.08284940299672175,0.08342946692706277,0.08367444130284624,0.08354329064247987,0.0836044969792917,0.0833106570782511,0.08342898016409828,0.083271075288775,0.08314764134702837,0.08338312098532846,0.08415522259974127,0.08372449050941323
40,0.0,0.0,1.0,0.01,10.0,0.25,0.03663803881590797,0.03664029936375387,0.036647616118687505,0.036752983897321526,0.03678792580789816,0.03672071821669849,0.03679627872013836,0.03669471663516035,0.036686993597844206,0.036604485752203895,0.036857598904935104,0.0366545810415823,0.036760488230105255,0.03669858243544225,0.036803449475562015,0.03677022765315721,0.037003592925800126,0.03670338834618003,0.03692107207992008,0.0369770881524313,0.03689286980711885
41,0.0,1.0,1.0,0.01,10.0,0.25,0.036644336786305645,0.03683885692713669,0.03678307970842249,0.036600292033999275,0.03676762834144123,0.036760107658570206,0.03681215725988211,0.03647982105917761,0.03685757192206151,0.03698163368780396,0.03686006134452411,0.036549592085801545,0.03680508414047929,0.03669863596314084,0.036726869443037005,0.03662544069844341,0.03670217723793512,0.03673622692054369,0.03665745237548106,0.03677017339697732,0.03662485804928421
42,0.0,0.0,1.0,0.01,10.0,0.5,0.01029261786476492,0.010399972240539285,0.010303883671321722,0.010422298786425527,0.010196851873860201,0.01040709800658785,0.010301248488896552,0.01035724187948789,0.010304224916373096,0.010159091535673181,0.010291576045961388,0.010281225169651964,0.010266045787162737,0.010152186667104712,0.010371182088785812,0.010491931947935419,0.010299200984531708,0.010314286535456409,0.01021195414469726,0.010253147796629569,0.010390375621203608
43,0.0,1.0,1.0,0.01,10.0,0.5,0.010294251756890319,0.010481466772820741,0.010265004513177455,0.010343729442396801,0.010289197950100254,0.010304973208934622,0.010315662641535507,0.010265011457926465,0.01033808658871701,0.010344177217129222,0.010223716022619709,0.010295169563293379,0.010209350613380155,0.010269254050404832,0.010316252918887079,0.010374669710708663,0.010460713834796805,0.010209228217194255,0.010371925165443944,0.010346919844636895,0.01037727080933712
44,0.0,0.0,1.0,0.01,10.0,0.75,0.002612084954639954,0.0026570961995910688,0.0026877726497882407,0.0026865740546126874,0.0026298992036816542,0.002638140064836068,0.00267752454211777,0.002649516783322082,0.002670307761222161,0.0026669468682480203,0.0026665067266504337,0.0027592505788084777,0.0027125156540925063,0.002603018652918454,0.002607711990602648,0.0026728039750494163,0.002686328254791096,0.002658163167480332,0.0026396249397807386,0.002662398149436227,0.0027168399212209216
45,0.0,1.0,1.0,0.01,10.0,0.75,0.0026121008262261227,0.002580244974764835,0.0027190992226604543,0.0026093034504824997,0.0026325420572848594,0.002726821020459699,0.0026023171683727257,0.002599844084444986,0.002689494788889382,0.002674602531927385,0.0026840997441589997,0.0026797960378793745,0.002678636605028967,0.0026946193437356195,0.002588787515058466,0.002699268192415804,0.00266624604607556,0.002648487363216779,0.002601690174688961,0.002709968576158731,0.002703905825707531
46,0.0,0.0,1.0,0.01,10.0,1.0,0.0008544527891223965,0.0008532493148425121,0.000839949784968061,0.0008476958023468775,0.0008578058383861503,0.0008560377209518352,0.0008930143733382529,0.0008859073458709471,0.0008572742202205139,0.0008893375139842428,0.0008502284037837629,0.0009072189971714377,0.0008705310276796276,0.000881544055997501,0.0008526626417769804,0.0008580669652307694,0.0008813091082614129,0.0008817661225775286,0.0008763350744636179,0.0009244116004738189,0.0008912036950061385
47,0.0,1.0,1.0,0.01,10.0,1.0,0.0008536214523898756,0.0008980681308669045,0.000843815528434374,0.0008874090620998409,0.0008914554661033154,0.0008675287557011101,0.0008925656625728436,0.000865575680449556,0.0009062335771968355,0.0008652563891988298,0.0009148268403529456,0.0008715671535921617,0.0008464272790225784,0.0008524825151559917,0.0008249959670230012,0.0008641444229900796,0.0008662264270916582,0.0009174982350528912,0.0008968492240258318,0.0008485965284701636,0.0008423079726549982
48,0.0,0.0,1.0,0.1,0.1,0.01,0.008831973231712434,0.011751754225906621,0.01222626932386564,0.012500137306275534,0.011070731992323451,0.01158743987341238,0.011922914812482555,0.012294092627509173,0.011361109181990616,0.01143007956831876,0.012060433884204377,0.011508108806612332,0.010891593201637918,0.01141338555654282,0.012219473388176567,0.012159467591170613,0.01094597874666502,0.009664533072928319,0.01166366086079177,0.011795115626705802,0.01184750921547198
49,0.0,1.0,1.0,0.1,0.1,0.01,0.00883816333442812,0.011172710814086452,0.010833640546221572,0.012089157060647495,0.010630936252994992,0.01087815778360375,0.01237370504107884,0.011394949835272235,0.011040981986078993,0.01160379717858259,0.012634882942939678,0.011645054021368041,0.011810130244291122,0.01175426078346307,0.010749862685789128,0.01232620121802345,0.012576339372819755,0.011582707284165817,0.011060099265190365,0.011572112682825972,0.01139779861814062
50,0.0,0.0,1.0,0.1,0.1,0.1,0.007653145490434105,0.010585741840406903,0.012062470746989927,0.011236341843903121,0.012135810344547013,0.011352147067008161,0.011564309251808097,0.011098019443397033,0.012045051053190212,0.011697929590323702,0.012006380879679042,0.01315866026137227,0.010597146404025586,0.011415990785383884,0.011051828207985032,0.010285608544118715,0.01160520644094459,0.010624509528482543,0.010849344293905423,0.011298604776719963,0.010857883023538144
51,0.0,1.0,1.0,0.1,0.1,0.1,0.007659858143590014,0.012475634951627098,0.011570267161711325,0.01135956639232511,0.010867498887203945,0.012068007906902828,0.011607278842548596,0.010694557603329848,0.012237958897164657,0.011334213316246462,0.011110380342819175,0.011244218601950457,0.011297173431915258,0.010871731330392374,0.011498832230392256,0.011192371962223172,0.011447717959785494,0.010765930287076566,0.010646524932553723,0.011540623148172464,0.012186740869574877
52,0.0,0.0,1.0,0.1,0.1,0.25,0.00789528405904903,0.011920746820122877,0.012134528555127581,0.011498664152612338,0.010935645705656463,0.011888021287209083,0.011240202360513462,0.01093814175454294,0.010746182811223559,0.010984390241203209,0.011865607780532741,0.01107767245646981,0.01064992479547869,0.010117268028221754,0.010093143855521222,0.01146029661907628,0.011562874514608426,0.011001255318002206,0.011608191008631372,0.011732177660253603,0.011570275167308483
53,0.0,1.0,1.0,0.1,0.1,0.25,0.007899331812069827,0.011664870449411429,0.00920589264706689,0.011670502176118532,0.01064874151009534,0.010938771181159474,0.011194873088773235,0.012335627499894702,0.01148378852256038,0.010453330508854684,0.012030611507142217,0.010282994476770875,0.010389659154695825,0.010905687826584886,0.011119333532691608,0.010907174714429192,0.010658246330687751,0.01126579338516349,0.01087131004949691,0.01170346101831803,0.011421514945265667
54,0.0,0.0,1.0,0.1,0.1,0.5,0.008217175444725394,0.011246806192811565,0.011180587936119096,0.010975653650929795,0.011516611275273614,0.011241832448571394,0.012235191985665405,0.011681891181540225,0.011814964873988865,0.011412379304876439,0.011227830997260123,0.011885179804335668,0.010891273616123595,0.011039456216339283,0.010743451295029507,0.01142386050437658,0.010848512827763567,0.011070714404063911,0.011137753841178691,0.011037816656252624,0.010791185093325027
55,0.0,1.0,1.0,0.1,0.1,0.5,0.008225848977634762,0.011150120055090954,0.010060064235415138,0.011108982762023345,0.011918916574136388,0.010678634986829178,0.011749446886419115,0.010974873265877663,0.011638474689449268,0.01231484837066993,0.010122335275551203,0.010824776222855785,0.011863466683304855,0.011440132505510665,0.012241740078227217,0.012411698370485067,0.011068768316005288,0.01150120773339383,0.010932643622499193,0.011378710887022908,0.011242121825228277
56,0.0,0.0,1.0,0.1,0.1,0.75,0.00821771810059323,0.011377994911319803,0.011029062450363773,0.011369829769474109,0.010801991213511173,0.011130216513839818,0.01233530416747461,0.011737358856764427,0.010198220872806403,0.011434018245372426,0.010739634120255496,0.011573684188129912,0.010909169403502346,0.010556003079464141,0.01186273765609717,0.010634637512261423,0.01206660710914522,0.01211417263024942,0.0115517077246753,0.011404267238293006,0.012056864055323725
57,0.0,1.0,1.0,0.1,0.1,0.75,0.008224228308874376,0.011227020115663138,0.01112665625631088,0.010773562566722714,0.010782967265277759,0.011379702953591853,0.010745153413984958,0.01091324416639372,0.0112540954044898,0.011136580054576422,0.011011986723296693,0.012915358141918097,0.010657694037596775,0.011728120926082579,0.011879069806703791,0.010561705073441183,0.012587348494384578,0.01168272345626154,0.01244077870197116,0.010653748642053922,0.012544509144727808
58,0.0,0.0,1.0,0.1,0.1,1.0,0.00856973656084454,0.012379409726938897,0.010468552489159084,0.010320508104603708,0.011456729554758027,0.011277653952375382,0.010882945441586071,0.012303307453284286,0.011061284353023355,0.011008382273405589,0.011133280793110416,0.011039540148484414,0.011500844637233243,0.011951460805363905,0.01200777917856376,0.01108410143071591,0.01187200202905544,0.010516835696665654,0.011761062267978385,0.010609731251902928,0.010117513326784695
59,0.0,1.0,1.0,0.1,0.1,1.0,0.008572418623737638,0.011975804134658997,0.0111086889324982,0.011457601011400144,0.011984893680144808,0.010864952013862507,0.011428218541689926,0.01038293745190626,0.011093701792072719,0.011575204974866537,0.01221450832972623,0.010905175664950806,0.01116451389150659,0.011978575597858943,0.010897808485239238,0.010863280027585586,0.011784653185874535,0.011635382096717556,0.011928265292866771,0.011012922978978747,0.010310211852929733
60,0.0,0.0,1.0,0.1,1.0,0.01,0.009989612706892768,0.011628111279294086,0.012934736154088005,0.010615248118001139,0.012609244998919225,0.012918169932302171,0.01177626664114968,0.011918218429267966,0.012212385118496994,0.012497568164412892,0.012613092127048347,0.012366025412741096,0.013702396190472902,0.013303797153391283,0.012908754311935123,0.013077822230831765,0.01243600204766578,0.012827857896287534,0.012043955976751428,0.012184323255528257,0.012132308868191492
61,0.0,1.0,1.0,0.1,1.0,0.01,0.009995022511333594,0.011622923389867298,0.012679017747547108,0.012426697508770757,0.013367604604839335,0.014786386722113215,0.01242152133443708,0.012851594979022817,0.013556694821726646,0.012046232433423551,0.013379159515662747,0.013022745246304635,0.01236115377044887,0.012778444404462469,0.012421011133261642,0.012763780110455245,0.012815057931731466,0.013722820784041256,0.011959651141766697,0.010734829394679846,0.013184190988443817
62,0.0,0.0,1.0,0.1,1.0,0.1,0.010129870346677446,0.012283423686811026,0.01206911828587834,0.013558354364063002,0.013053296806930277,0.011777906669896672,0.011442317763822521,0.012045236027760683,0.011732071619820669,0.01148996963773509,0.011939022892427724,0.012610169880163611,0.011755573970270876,0.012142961629079504,0.013009556342298003,0.01273771086145916,0.012659251380534678,0.013418692539199906,0.012979415006184568,0.013767925367329827,0.01142437564406098
63,0.0,1.0,1.0,0.1,1.0,0.1,0.010141220560149407,0.013598441672440228,0.011656197180142536,0.011769790555840915,0.01195880558023211,0.01287206389913136,0.012209988256379162,0.012426281005221418,0.013157544973728756,0.012365365069795249,0.013097495755146673,0.012876472876205448,0.012367937151413964,0.012494136325367612,0.011103164614550205,0.011658983535897468,0.011986398291610089,0.011295944159633657,0.011414225129397946,0.013318146471448307,0.012017719037385906
64,0.0,0.0,1.0,0.1,1.0,0.25,0.008693508561090846,0.012122099595199384,0.010814340660437693,0.010785227941293286,0.012177914754743726,0.01255324026575081,0.01153336519318024,0.012825474398601489,0.011033238986822538,0.011992768006492002,0.011996531898602834,0.011393468688021963,0.01144348726899427,0.011289384721032816,0.011405449408522488,0.011714293903028838,0.011739556890758592,0.012699681709188471,0.012039926041282546,0.012058785775078946,0.01104083462605965
65,0.0,1.0,1.0,0.1,1.0,0.25,0.008705354893802033,0.011718808454558905,0.011921947895065654,0.011145479765353036,0.013180121029294799,0.011911029966838352,0.011820085465974357,0.010641048846004381,0.01167791245285159,0.011586647369080282,0.010570489667337828,0.011710708585467857,0.012376545976645854,0.012915558099861304,0.012792954879728709,0.011620578212264827,0.011571152711851811,0.01127156506332422,0.011441474388704452,0.011162976472248067,0.012045352374395697
66,0.0,0.0,1.0,0.1,1.0,0.5,0.008048134576271314,0.011961083159366313,0.01083638900292907,0.010399970285345464,0.011098176531796202,0.011502806700733977,0.012399641752146315,0.011584554966270743,0.010655824987890796,0.0124097776154849,0.012433550907727091,0.011879969844794622,0.012020036107947215,0.011462294475680503,0.010661272349737095,0.012138071556533717,0.011630227390498626,0.011909878269891783,0.012056511658815038,0.01231136297484017,0.011814917964503967
67,0.0,1.0,1.0,0.1,1.0,0.5,0.008049730326797977,0.011068747052054625,0.011697176281324547,0.010861348201292089,0.011992088232901984,0.012126746122110111,0.011395076531064422,0.011166870586955412,0.011425604594180851,0.011548556075228495,0.01108931852501651,0.012195328079679053,0.011592030602481313,0.01109686452656874,0.011236119876220658,0.01164918846445471,0.011191852219422396,0.011133995971028097,0.011673740362448462,0.01135367217691623,0.011411966439590783
68,0.0,0.0,1.0,0.1,1.0,0.75,0.009129263374691684,0.011284556204297915,0.010981558371192992,0.013607293601181578,0.011133155622174276,0.011601331177304375,0.011098026489247473,0.011926475795008266,0.012426015071536917,0.01122480565913645,0.010791927014812578,0.011993377146638446,0.01150665008470893,0.011358473153779256,0.011812785187167106,0.009987288134710861,0.011238870004781977,0.011303700288516974,0.010365937245137149,0.010181067852332039,0.01165757751099927
69,0.0,1.0,1.0,0.1,1.0,0.75,0.00913600401106271,0.010553550123442801,0.011897047313413445,0.01058670253039528,0.01087788214028217,0.011185192556328591,0.011947972256450237,0.012408567456082705,0.011688878026248161,0.011910051922971078,0.011004253423897376,0.01227878185045336,0.01189241376065936,0.01134214908911733,0.012742834229684821,0.011401562697968737,0.013402859213669217,0.010558978882142935,0.011281564317183558,0.011495381305250203,0.011560140147670121
70,0.0,0.0,1.0,0.1,1.0,1.0,0.008022370240165716,0.010680368170670883,0.011800689558730735,0.011659897521996405,0.012141581313921639,0.011288474601656554,0.01101430886754407,0.011376179897301783,0.011607506652659775,0.011499406798727511,0.01216007271459417,0.011537402740139962,0.011077095069971187,0.011732962802667805,0.011087606965679848,0.012330917822680528,0.010870456858557708,0.011824063682831043,0.010929987268987853,0.01119626266285752,0.010728386384180248
71,0.0,1.0,1.0,0.1,1.0,1.0,0.00802828332610371,0.01126165605372316,0.011672662064405604,0.01147684411412244,0.011969951439456023,0.010907433293792393,0.011317305408428988,0.011516705393228228,0.011533357356755092,0.011250803167732295,0.01169404415008486,0.01174667308733819,0.010332108735725393,0.01136904192933479,0.010345472469440023,0.011096117172946205,0.01211115103497506,0.012355054510500417,0.011490186372803983,0.010954762536187766,0.010333369408497333
72,0.0,0.0,1.0,0.1,5.0,0.01,0.04294945314127878,0.04217758043512766,0.04198094532508764,0.0430239279996613,0.04013600319365945,0.04222742767763714,0.04366103843188055,0.04513372575876688,0.04274872508685904,0.04356550247113942,0.04363472231496861,0.045806669650828184,0.04213040045367689,0.04350405783287782,0.045250488515291724,0.04275321542023575,0.045349491631900614,0.04213732546928218,0.044942187281091,0.04389932384493675,0.04227810508109528
73,0.0,1.0,1.0,0.1,5.0,0.01,0.042998577619916406,0.04369241033783001,0.041606458859051836,0.043988771329752464,0.04447798643190229,0.04256306872792394,0.042080895676106324,0.0451901977698332,0.044901929062949306,0.04146427257888969,0.043615235794679054,0.04423417721622249,0.04373659267423604,0.043505222803431456,0.043232774790826885,0.04211027754065875,0.042168618342090715,0.04296182789686081,0.04246130848856528,0.04337534058296122,0.043501050422799906
74,0.0,0.0,1.0,0.1,5.0,0.1,0.03162571516751033,0.032438606975430946,0.03376616384442122,0.03165589173829912,0.02956897583190432,0.03380392007838292,0.031044021653658764,0.03207912555789133,0.03278108565146352,0.03244618792765138,0.03158029369470261,0.03335700095272115,0.03126481943447282,0.03493152722667421,0.031429782580156884,0.02971655659257151,0.031408419970138,0.03141806912191547,0.0330749713323441,0.032980759398073864,0.03163624852660204
75,0.0,1.0,1.0,0.1,5.0,0.1,0.03164335169696908,0.03241254533303064,0.03112392615583659,0.03123611578420256,0.03151405767126977,0.03463054337903384,0.031249010651050183,0.029806548979604316,0.028590586409926642,0.028939360831331654,0.02885956718986532,0.03224141160621704,0.030947389876337935,0.03075878985550483,0.032910105595118734,0.03325985678257469,0.031525693488318,0.03349221849462363,0.030126814698807253,0.030885849502118076,0.03368922523787274
76,0.0,0.0,1.0,0.1,5.0,0.25,0.01721900170079253,0.01972708788019064,0.020869043466491398,0.020577760433707105,0.02019274588084323,0.02083894994830902,0.020137151242928603,0.021242031504704637,0.0213435227367421,0.02219967620168463,0.019749659524727525,0.020568371546128457,0.02092800255414038,0.01863053481627061,0.020339003877421817,0.02212515613562163,0.019597112604572687,0.021633405842957004,0.02063484548329169,0.019338871953709407,0.02063035211402751
77,0.0,1.0,1.0,0.1,5.0,0.25,0.017230175427781012,0.019779512312580242,0.019647715323600535,0.018766782620569387,0.023014435096687564,0.020966437959210292,0.020634541000066894,0.021378319189440192,0.020570515843469476,0.02138007339220735,0.02146210514377136,0.019582185153076075,0.021329648916287813,0.021220253168305413,0.0204843515126677,0.02188080721273642,0.020661431325084693,0.020240409444938438,0.020666085032660184,0.020284095236885725,0.01971741938599136
78,0.0,0.0,1.0,0.1,5.0,0.5,0.011515932665125796,0.014303746221248326,0.013856795098662104,0.011668167962997114,0.015600462641353396,0.013018599925649556,0.012876734929926567,0.013698115626064168,0.01237551006424397,0.012407509165516322,0.013144905803361062,0.012709725925588163,0.01347872798511229,0.012737259554741018,0.012886202788297756,0.01397746440581071,0.014925811424824485,0.014303149054719756,0.013195923704147168,0.013082490417293025,0.013817056700707852
79,0.0,1.0,1.0,0.1,5.0,0.5,0.011516987641840223,0.01504589123899197,0.013902816276543708,0.013474869713860485,0.013431006081017252,0.012498332901783534,0.014793912724646576,0.013420376757993636,0.012636243243748945,0.013028341353002761,0.014976675241390217,0.013082861787226221,0.013379485683153036,0.013233082443372735,0.015437795176190502,0.013750530254840743,0.012933636147653072,0.014725906791025579,0.01356592152090135,0.014075957269522373,0.012969828819605652
80,0.0,0.0,1.0,0.1,5.0,0.75,0.009814043196134497,0.01177575001647733,0.012226950578910965,0.012219068372452378,0.011813098631816546,0.011774609426456048,0.012742835715726689,0.012792911689478947,0.010422599683295059,0.012348335821076015,0.01196251704439974,0.012229086986480092,0.013282196205886271,0.012165803081081662,0.011709682819541462,0.01204636448733308,0.01169551387392708,0.011317005637353363,0.01161756460550183,0.012250929111473739,0.01079137732269236
81,0.0,1.0,1.0,0.1,5.0,0.75,0.009818944626360742,0.012718318780396093,0.012056339418994986,0.012751901171961419,0.01191067328833089,0.012115489784472746,0.012268733983975025,0.011803722566140325,0.011700905140970693,0.012456047524671299,0.011590840548975988,0.010618778147733357,0.012270824001026309,0.011542777629445356,0.012424672722657935,0.01174397786870632,0.013555613625464872,0.012018887596904802,0.013077576783095811,0.011994271765225054,0.011471087096863553
82,0.0,0.0,1.0,0.1,5.0,1.0,0.008766216808961167,0.010513403256318478,0.01253868316481378,0.012779248078659372,0.012756714602299048,0.010439427272923376,0.011978340937051482,0.010205196353545467,0.011890855736326714,0.010681402745276545,0.012171576608295995,0.01139099555165026,0.011378943438339957,0.010143150140129257,0.010679983577980324,0.010947319118725709,0.01081786592547855,0.013297807911589262,0.011283185932053571,0.011707441792974333,0.011055112746954041
83,0.0,1.0,1.0,0.1,5.0,1.0,0.008768537641321992,0.01048757149758325,0.011950384223127948,0.012410982749395973,0.01163686527077908,0.011217270424334687,0.011888088346473083,0.011949389373567768,0.010774584514043369,0.011321905974845904,0.011207251187842153,0.01055234220005366,0.011224471935368333,0.012152611774575859,0.011877970667020758,0.011015912687787574,0.011069551285478195,0.011457136351336364,0.011214597729199584,0.01183052471064812,0.010750584935160006
84,0.0,0.0,1.0,0.1,10.0,0.01,0.1387752054823873,0.13513357313425425,0.14293372766597984,0.14087366340118024,0.14237936782054678,0.13813070726641588,0.14213938852997693,0.14031067561799423,0.1411553344667411,0.14583308758783003,0.1444652911672538,0.14002113388994153,0.1411562342133944,0.14161700259564722,0.1405600938202028,0.13995150035511236,0.144736036646671,0.13938002750231177,0.14353792757720382,0.14264130872285394,0.14056889827225763
85,0.0,1.0,1.0,0.1,10.0,0.01,0.13887231567693706,0.13982984621363398,0.14269113620987267,0.1376827875206833,0.14439162307103978,0.1460344912293931,0.13874438152158106,0.13887050309475782,0.1418662861881828,0.14705449443812935,0.13524560223807147,0.14234174810839653,0.13700706867894752,0.1408547381095902,0.14422736275611087,0.14587531760927347,0.14269202863380026,0.1431887718679742,0.1421720163629488,0.13956891284173395,0.14333402756373367
86,0.0,0.0,1.0,0.1,10.0,0.1,0.09368574875379199,0.09138531822029733,0.08788581214447137,0.09088190367952474,0.09566883203753895,0.0949056398528241,0.09119276073774812,0.09038956011912123,0.09448032443245195,0.09286752253018829,0.08887152737176378,0.09113597271801616,0.09452976353155977,0.09301913625780142,0.09170450677577915,0.09355038756722223,0.09528038241141912,0.09222006645753404,0.09469688322787417,0.09401344632684627,0.08845836813476005
87,0.0,1.0,1.0,0.1,10.0,0.1,0.09378587400804896,0.0910959738560503,0.09623061048035386,0.09602213558321913,0.09749182117224087,0.09867428398842419,0.08992944469266867,0.09083570526206146,0.09508869017325441,0.09658589725870818,0.09570493640301395,0.09248451637654656,0.09609996637015063,0.0934021043246688,0.09700482417695427,0.09475497470963647,0.09699230846928913,0.0938861688439486,0.09569314623560127,0.0978868857538448,0.09701353448352419
88,0.0,0.0,1.0,0.1,10.0,0.25,0.04909332042483382,0.05118051772387754,0.04820557560844193,0.04872643174286659,0.04880476730513383,0.05116977961346517,0.048882669942600515,0.049980091858863214,0.05061952665384145,0.04967170259842487,0.04768656093211336,0.051362656175795836,0.051039957926618425,0.052165462778535905,0.05235776544377215,0.04940121264841658,0.04935383767590138,0.05219084160089244,0.05236246705584299,0.04966884449578205,0.05223493866702397
89,0.0,1.0,1.0,0.1,10.0,0.25,0.049136454797979984,0.05097266102583134,0.05219956062098333,0.04865012886818618,0.0493415857995222,0.052256876979523574,0.05326074762374932,0.050192288551585716,0.051021965446596956,0.0484402631621128,0.050868695634082896,0.04850984898647811,0.05100972612189871,0.05038635390182786,0.05034301005470986,0.05035108916803423,0.05328548296847675,0.048936451832635924,0.047562734952110296,0.05083042174631165,0.049072074425411914
90,0.0,0.0,1.0,0.1,10.0,0.5,0.019142974827407528,0.02090043702600729,0.02023411153184888,0.021969996251953075,0.021849419184409434,0.021927011168016253,0.021623009472469285,0.02119340116840259,0.021399443501383154,0.021083930231736377,0.02257683460379416,0.02086723380954157,0.017642109765591156,0.020534178980307433,0.021734399315701588,0.021282765388965383,0.020991894895225145,0.019472308152981448,0.02243927562591012,0.02147658834242686,0.021570057783500154
91,0.0,1.0,1.0,0.1,10.0,0.5,0.01916249449429469,0.024129767752537633,0.022816122917792798,0.022721391587100424,0.021090257628424144,0.020776400803554567,0.021538660656071597,0.021090255282229815,0.021620820401987362,0.02134107301896847,0.021600177025198338,0.021064054229153417,0.01983770317383516,0.022608225223956935,0.023282026520058407,0.021972904856941484,0.021659420976642793,0.022358070032088423,0.021271365433458332,0.02098808023796632,0.022356612493309645
92,0.0,0.0,1.0,0.1,10.0,0.75,0.011799216522146164,0.014345224825400849,0.01577236048718988,0.013426705337998758,0.013993451224948848,0.014571063649227946,0.014565647386453029,0.01381379542218381,0.014163222328318048,0.01371547270164665,0.012778305030189969,0.013570408934787581,0.01321965271584205,0.01247225994088541,0.013418398880876432,0.013211170779945854,0.01351758018275848,0.013465681830201935,0.012927835926550205,0.015652313873414078,0.014297425942293924
93,0.0,1.0,1.0,0.1,10.0,0.75,0.011813814025530299,0.013428895214774849,0.013116280755956111,0.014109514001950083,0.014565032954482596,0.014292385775461722,0.013273407663591173,0.013491832557413222,0.01326154274977963,0.013238794667487779,0.01325178227249382,0.014452441980028681,0.013627781291921949,0.012961213652559044,0.014315920104471075,0.01463158223867724,0.014565036413652718,0.013988751720312371,0.012278524866155353,0.01441387680635213,0.014104773070020173
94,0.0,0.0,1.0,0.1,10.0,1.0,0.00954405708599821,0.01201831342325155,0.012093056759640772,0.01266023772020226,0.011551156709790305,0.012316671927375728,0.012820410149311243,0.013231613990880539,0.012525550564087863,0.011910410217472786,0.012730668117384577,0.012033626051149897,0.01209495888346769,0.011771786587806685,0.012107427657265302,0.012641526195304356,0.013413725724428121,0.012382969722749564,0.012367225217164265,0.012613852215622749,0.014202429099601904
95,0.0,1.0,1.0,0.1,10.0,1.0,0.009546250450751836,0.01270830390443918,0.01198312145050972,0.011273613753013247,0.012207784557430896,0.012133710917768993,0.012228413180861349,0.012100796439442403,0.012949427176289675,0.01230902910700588,0.0119544869042612,0.012572540773562688,0.011839131280526502,0.013278752496260688,0.012936422452040975,0.011382876995667986,0.012270426021111704,0.013118481530425708,0.01367401670343592,0.013179431938826258,0.012176951939765946
96,0.0,0.0,1.0,0.25,0.1,0.01,0.04804687793066926,0.07243440797485243,0.07489793790226554,0.07217966237979863,0.07652639220902838,0.06953482245802962,0.06671112589931175,0.06735538682163965,0.07086722870756365,0.06284821979260562,0.07390870507146423,0.060794817035370305,0.0696607032111343,0.07678024233124095,0.06747757171813996,0.07008200566173176,0.07230637946424175,0.06490224635033222,0.073919489501886,0.0670682308060646,0.07391469061016429
97,0.0,1.0,1.0,0.25,0.1,0.01,0.04807587510027024,0.07176776644417801,0.07054386897296974,0.06956050058012117,0.07523636527655418,0.05988485598900237,0.07130212650411405,0.06851202690865754,0.06984194192227319,0.07164019464581463,0.06520293501962321,0.06570465937238916,0.0722609563133779,0.0675300745919485,0.07222586133790879,0.07034802591101648,0.07302647532357512,0.07267410194296958,0.07187906868482041,0.07180161867637709,0.06942323531577672
98,0.0,0.0,1.0,0.25,0.1,0.1,0.05065353106575185,0.07338921485856431,0.07026505450131178,0.07640093254443689,0.07292181001015323,0.07102642180045177,0.07157840402939909,0.07028267104606117,0.07352481353799575,0.07035656431518726,0.07327269733572617,0.07391911478932275,0.060836823287100585,0.07127589435215156,0.0669333404849438,0.06593809367804065,0.06789557890771651,0.06610974464412764,0.07180607653345708,0.07103381748181718,0.07020688097791056
99,0.0,1.0,1.0,0.25,0.1,0.1,0.05072460140502487,0.06629327301176738,0.06920501416950595,0.07722649768851703,0.07164195422173618,0.06861363493748929,0.07127829283845413,0.06816329224045801,0.08111640513697829,0.06633618972479781,0.0756356168016731,0.06960470271891865,0.065420689482368,0.06256380843093938,0.0671705079691886,0.06851060587049886,0.08503975842650816,0.06700170955686917,0.07365603499830627,0.07105088558682697,0.06489351646913039
100,0.0,0.0,1.0,0.25,0.1,0.25,0.047405767372007024,0.06625196626695119,0.07079590422067229,0.07663690745229748,0.07408119841805472,0.07035289954743273,0.06878427511072549,0.07440840512948875,0.07531231088984122,0.061818457328417196,0.07601433418516544,0.07002282543891783,0.06569800932548792,0.0704220103136466,0.07610342522067313,0.06904329421256454,0.07677091216363169,0.07904628107206253,0.07408689578533822,0.06686570650613748,0.07138041682942078
101,0.0,1.0,1.0,0.25,0.1,0.25,0.047433256650279046,0.07007429424234504,0.07170332021677361,0.07390266792276964,0.07277377126311543,0.07041634835703788,0.07202404843040543,0.0713375982352623,0.07574154838085749,0.06927765117275139,0.07194707420031092,0.06970866941772716,0.07037246069121234,0.06866947207738533,0.07135302993600642,0.06766930125854079,0.0695284082596929,0.07428658129518877,0.0794105925346224,0.07301645926275675,0.07305978348419742
102,0.0,0.0,1.0,0.25,0.1,0.5,0.05183717147229179,0.06183671108454366,0.0717154808841549,0.06549225707752719,0.06887897802444709,0.06973229399333465,0.07209355270382169,0.07127220842845329,0.06865538007890584,0.06330159953340321,0.06940271320947136,0.07006928675133405,0.07134848470332439,0.070100962463377,0.07370422357445176,0.06895568758240125,0.06676444736908238,0.06656415606422077,0.07285744729843395,0.068885426079096,0.07187781330222062
103,0.0,1.0,1.0,0.25,0.1,0.5,0.051895205172902525,0.07151085033778504,0.07396283140563914,0.07118456868157783,0.06606858486322394,0.07521607310276134,0.07720503766760707,0.06295339251435746,0.062476710634436196,0.07032298874786692,0.07355699564065235,0.06552521017455377,0.06692844900810314,0.07433200441220704,0.0704905157192615,0.06986689372145896,0.06372828888955266,0.07151594368031039,0.0687765172739645,0.061667656272694105,0.073043396348229
104,0.0,0.0,1.0,0.25,0.1,0.75,0.05602464120968489,0.07641484850628576,0.06785562815242138,0.07694182540519237,0.0712438359542086,0.07445652396130684,0.0733421087646378,0.06596182994860389,0.07091762203423357,0.07112996452694531,0.07633445977214688,0.0746618051369283,0.0778737519389264,0.06942758207559838,0.060450735874474984,0.07081488632938075,0.08210726555874706,0.07086757747397293,0.0694180909908797,0.07297014867234944,0.0671638771229132
105,0.0,1.0,1.0,0.25,0.1,0.75,0.05604667292337783,0.0644965071132267,0.07296010430818016,0.06317302747286653,0.06989230103632221,0.07417625274083604,0.06607897443063393,0.0783613724559443,0.07771313821753538,0.07319975134062645,0.06584672840792796,0.06937231977106395,0.07340532201137268,0.07423330744068489,0.0666607658213045,0.07377073108152687,0.0629393751225435,0.07133694638611655,0.07143410167756956,0.06784590680699279,0.06567935783283249
106,0.0,0.0,1.0,0.25,0.1,1.0,0.05777388230694713,0.07511772692260053,0.06860838640375812,0.07484851501811979,0.07421812706228509,0.07128371383534628,0.06903365714735513,0.07268916791048997,0.07613045393126294,0.06478307597413419,0.07062069931634621,0.07573518945347038,0.07701362428213702,0.07278174208444682,0.06592353878641068,0.07326997356282379,0.07506462130832145,0.07135753560125216,0.07493652948203038,0.07364910431125928,0.07601688941109547
107,0.0,1.0,1.0,0.25,0.1,1.0,0.05785162881323229,0.0738419479324966,0.07020838994073034,0.0678825375930016,0.0684047182805573,0.06741673736958834,0.06937825973153133,0.07545915175540338,0.06719814264181319,0.06753526617853843,0.07289537033639422,0.07337404949011402,0.07047822121692641,0.07031711263068725,0.07051495852786614,0.06301672793615114,0.06460300960078219,0.0753152214881899,0.07493120073446069,0.08048543239784733,0.07224204388105714
108,0.0,0.0,1.0,0.25,1.0,0.01,0.06223652353097032,0.0678509598336027,0.07559016495479916,0.07524519742943456,0.06311534767278763,0.07589948572933125,0.07225346234002679,0.07525430096286675,0.07570410195258766,0.07744045662476315,0.07987361066448488,0.06964142295942997,0.07960601990292303,0.06955920900720573,0.08096946657629789,0.07250003012722354,0.07118503169648963,0.06550591793168273,0.0744224516088096,0.07118941606774809,0.07884203982514826
109,0.0,1.0,1.0,0.25,1.0,0.01,0.062291582184062846,0.07655353884614287,0.07436243145419799,0.0742853810731702,0.07899782253445967,0.07822576761587645,0.07708472665683479,0.0717135437197941,0.07305323576497262,0.0755240727883548,0.07707960504624226,0.07153904596165948,0.08211518020947198,0.07688363102806636,0.07862473166082189,0.08318991415979263,0.07618156298859795,0.08071605065090702,0.07494270329160096,0.07245596227901539,0.07789891751331715
110,0.0,0.0,1.0,0.25,1.0,0.1,0.06017992988589447,0.0716901272674603,0.07014200937189793,0.0792184097153196,0.07008040324323549,0.06413844460465884,0.07342078754016884,0.06767548557644479,0.06843772922455531,0.07408409382767375,0.0803058915819679,0.06311649808332581,0.06533352190303804,0.08286585503607764,0.07121691978125189,0.06937381122460964,0.07098899726335928,0.07095790285365619,0.08113331819744438,0.070623440408247,0.06955618770886862
111,0.0,1.0,1.0,0.25,1.0,0.1,0.060200986678516984,0.07088010290503408,0.0701712668132927,0.07087705386963056,0.07276217586351673,0.06638154237278164,0.07265035884513846,0.07393682763044261,0.07386695628134277,0.074281795627519,0.08621765718550366,0.07246106824284332,0.06822880350860892,0.06968926574798069,0.07127006235398424,0.07179761698697758,0.07302598664040486,0.07240666852284308,0.07445138299237931,0.07606168750056766,0.08279610205772923
112,0.0,0.0,1.0,0.25,1.0,0.25,0.051718805713170876,0.07360915149459513,0.07754648485327048,0.0677399037816903,0.07172000982929312,0.07526114404243034,0.06745556730260781,0.06309702410093455,0.07784545299715366,0.07572233991076266,0.06984022325416943,0.07108055304677133,0.07450216701469736,0.0680778430580825,0.08172294247828729,0.07482354352208517,0.07511247686875533,0.07193590849873738,0.07855183614078393,0.07241463419038544,0.06721541710258985
113,0.0,1.0,1.0,0.25,1.0,0.25,0.05175329249223085,0.07197632781404621,0.07665327040493185,0.06618431865146444,0.07422000811921764,0.06774374315936567,0.07316208871793546,0.07096622392089603,0.07157687394323936,0.07285517079031142,0.06990569955189406,0.07132970415295585,0.0814507210357507,0.06636302091207741,0.07343351444412627,0.07314984362794705,0.08151458098759065,0.0677072123578517,0.0788817333255118,0.06590684638353914,0.07396334206517514
114,0.0,0.0,1.0,0.25,1.0,0.5,0.052464686214523645,0.0747095364942145,0.0778361960544903,0.07294528086076604,0.0738300386803032,0.07055810239522925,0.066678032695407,0.07390506474361958,0.07340281956287925,0.07016448696156252,0.07534005657610117,0.07302490866910409,0.06849770308790969,0.0758534525697278,0.07127522821871884,0.07700916926659643,0.06424824134084516,0.07829225738188432,0.07089851295321117,0.07510661376940497,0.06586909544488315
115,0.0,1.0,1.0,0.25,1.0,0.5,0.05248066647448568,0.07344832915843567,0.07253614815764993,0.07197550897878904,0.06828056056384886,0.06767541555844905,0.06729972488798494,0.07379336833848812,0.07245866578973924,0.06580813780922265,0.07032556432301515,0.07588356022015107,0.07235282586282817,0.06928114603040691,0.07436385269913681,0.07103704280633293,0.07784156791234406,0.07599699147050788,0.0678440358484488,0.0658724839792342,0.06932562486050313
116,0.0,0.0,1.0,0.25,1.0,0.75,0.06187378542299318,0.07152454438787224,0.07771367756429197,0.06862642746611543,0.06918192385666758,0.07803537794789506,0.07372330034629233,0.0759148220652186,0.07700661850902044,0.07186695931769485,0.07416763394747666,0.06695378302616184,0.07555461996091149,0.07731170938982636,0.0724541312144054,0.08195262150960189,0.06630744396036119,0.07411253925882925,0.07904018768105085,0.0697537050294009,0.07007184790235431
117,0.0,1.0,1.0,0.25,1.0,0.75,0.061909217291060574,0.06983653294403966,0.08041055886154651,0.07331989737757137,0.07636203555472451,0.07056032422033753,0.0799242628841012,0.07366296930481862,0.07673806934162511,0.06567958988319368,0.078864803431672,0.07169276481586796,0.07443786909439423,0.07651611964667789,0.07319953365425202,0.07326679307064456,0.07642623473630493,0.07717242892992099,0.07428953916069377,0.07170804661862692,0.06668166912280678
118,0.0,0.0,1.0,0.25,1.0,1.0,0.04747847344518124,0.0792648749687676,0.07003886575972204,0.06403531137053324,0.07490691726465384,0.07162865029260432,0.06475358384140871,0.06853005578705204,0.0727250341731723,0.07077082236717559,0.07084818905857337,0.07445942137986487,0.07506735420679156,0.0728919807238552,0.07216378882071593,0.0755919041114225,0.07397609722487236,0.061508985633823794,0.07878395001873746,0.06873704755767683,0.07636102849008443
119,0.0,1.0,1.0,0.25,1.0,1.0,0.047518043562747365,0.06593880695884645,0.06798001606137465,0.0722510871258549,0.07072245112667837,0.0700099113728985,0.07263107220566112,0.07263098257337405,0.07002993517527706,0.06764731667100396,0.07109712093426211,0.08062100985198484,0.07100277862004953,0.06661847272503311,0.07733511242581731,0.07651722997367226,0.07863337875292209,0.06915464621378499,0.07204363327731322,0.0746749378660399,0.07097452667759556
120,0.0,0.0,1.0,0.25,5.0,0.01,0.07853897469416896,0.09394169360523254,0.09729185860510779,0.11547408305314606,0.091536675608988,0.10215890002781883,0.09266161548706053,0.09575080546782165,0.11067554355804118,0.09290365783683355,0.10251018639409035,0.10045041507882581,0.11482490747637343,0.10360793503120956,0.09855055832056346,0.09767862574428617,0.09257293206849332,0.09978091786751908,0.09443647734718677,0.1008425960789506,0.09722459083121097
121,0.0,1.0,1.0,0.25,5.0,0.01,0.07852174721892802,0.11122626380233509,0.10000827007828231,0.10335972210822815,0.1050738659669289,0.09306143340586379,0.09803701723500845,0.10393536805461479,0.08845958466001175,0.10299326490012543,0.09240860984455146,0.10804643101134552,0.09797968157248252,0.09968783901142907,0.10412348231342965,0.09846061373581463,0.10253040046296084,0.1085167056474961,0.10448093989941858,0.10496647832869478,0.10063514696376168
122,0.0,0.0,1.0,0.25,5.0,0.1,0.07396157901335856,0.09274008520981097,0.09502418758391909,0.08245962258698526,0.09111128794967589,0.08335123735239779,0.0889919954816395,0.0988054752286592,0.09052325921600075,0.08968585479607,0.0909612105412302,0.10004908698677532,0.0889870301983305,0.08803311189003055,0.08344898674012043,0.09336106021966245,0.09779067049617933,0.08848721119740222,0.09160481850475476,0.08325500037129369,0.1003323641669355
123,0.0,1.0,1.0,0.25,5.0,0.1,0.07404718083705775,0.09631304757049722,0.08818262557875177,0.08804515815749214,0.07447375444941783,0.08285979273933365,0.08380593510294491,0.08967056224997537,0.09071053401911877,0.09445667298573197,0.08346149197986827,0.09417301543585518,0.09423218708245633,0.08834234988902595,0.09322720451109279,0.08486558214157133,0.08828992228860362,0.0911030018686159,0.09702699810204544,0.09123802194007198,0.09592898929179505
124,0.0,0.0,1.0,0.25,5.0,0.25,0.0651690678045725,0.08127720330935687,0.08325049701617578,0.07880242927186962,0.07867511892411626,0.07811618543364052,0.07889603756349627,0.08866960314097844,0.08417322521225042,0.08104728646335661,0.08049201399727823,0.07342472905802547,0.07805881117432151,0.08790842475606639,0.0808841013512145,0.07446308069340163,0.07977192309955003,0.08191005371238966,0.07612735974919851,0.08424562391915663,0.08073367824077843
125,0.0,1.0,1.0,0.25,5.0,0.25,0.06524930370714874,0.07843654686970451,0.08189308034291866,0.08384213365151798,0.08307234573263587,0.0763664787948339,0.08035422573765282,0.07517506775485931,0.0881442445798069,0.09321588307265904,0.08161408398393415,0.07604629104246294,0.07266794322290218,0.07902256949337352,0.07829327110935477,0.0778093079576671,0.08146285478794592,0.07784493421128406,0.07535688981020969,0.08129536441506786,0.07410809643420764
126,0.0,0.0,1.0,0.25,5.0,0.5,0.06129528104560133,0.06681101570014791,0.08051579390679484,0.07125065991372297,0.0728972856023025,0.0689462379227868,0.06711284620142599,0.07899663458169748,0.07633162550656677,0.06581710005147176,0.07512191198212238,0.07789419217856086,0.08107465763502632,0.0679045325548694,0.0726479803811319,0.06939164101620822,0.0707680957522541,0.07615154353453574,0.0699002546256193,0.0743598328111549,0.07502824085081802
127,0.0,1.0,1.0,0.25,5.0,0.5,0.06137673683214877,0.06974592260078624,0.07170740030433945,0.07882059159408222,0.06822510110735687,0.0754807251726628,0.078921206864707,0.07735288622366426,0.06979427068031585,0.07285070449677278,0.07641758411904577,0.07354473324396067,0.06896250345265194,0.0745135998380705,0.0725269486142799,0.07476046676581616,0.0757489923956249,0.0797150875169193,0.07720645091088046,0.07694289364684626,0.07015234278268598
128,0.0,0.0,1.0,0.25,5.0,0.75,0.050038124924803466,0.07045169244029514,0.06692731944754285,0.0715438320691311,0.06906842726605338,0.0732451358741836,0.07190910382851626,0.07330556825341426,0.0660577589666805,0.06658056373039084,0.0650688319174849,0.06865855465930877,0.06983912458978632,0.0794216719586334,0.06750897988442156,0.0729964586116162,0.06618841863833391,0.07138990141742624,0.0686080251163834,0.07592647168866343,0.07003890641128255
129,0.0,1.0,1.0,0.25,5.0,0.75,0.05007933306495981,0.07007248284386089,0.07163175205298135,0.06424705676911556,0.07476328237669745,0.07535095096739183,0.06434368165302323,0.06961421197233278,0.07135292490650426,0.07484912848947661,0.06869818906240505,0.07141930500055203,0.0751497974278456,0.06871809364550295,0.06566023831541429,0.0680359715014578,0.07824776130179782,0.06672395367453865,0.0753503361728319,0.0634356989273903,0.07660959461247298
130,0.0,0.0,1.0,0.25,5.0,1.0,0.057218144786716496,0.06929004470440545,0.06865601870717905,0.07294223347134265,0.07033653012233805,0.06949012501724251,0.0725664542632157,0.07329837100848134,0.07322391025840795,0.07032066353455997,0.07029870888803218,0.0653825503856523,0.06727423796178299,0.07406455592888585,0.07073750859439128,0.06189936768069613,0.06677886055443566,0.06970854874235753,0.06491643238944741,0.06977101247964031,0.0720103043596827
131,0.0,1.0,1.0,0.25,5.0,1.0,0.057272323965463987,0.06743198276693199,0.06659937552133859,0.07710985757165013,0.0728605988926368,0.07083998235504223,0.0736613503001455,0.07294871722849468,0.06510198708508907,0.07802518986165957,0.07081227265831629,0.06966990445836739,0.07885627444628798,0.06623692234444538,0.06826748439089744,0.07044706266106178,0.07176198928318135,0.07044959724532739,0.0641384717941172,0.06396099575247728,0.07459653143042443
132,0.0,0.0,1.0,0.25,10.0,0.01,0.17392972398497192,0.215083800159425,0.20695888841712803,0.2148276184345449,0.18763457476256165,0.18753586536099384,0.2047405455466841,0.19288887180291728,0.1909431880386337,0.2096340257591751,0.19604270280284794,0.20129070890206058,0.1944305334352446,0.19727358743257314,0.2067020714065683,0.20134315102520303,0.2031700710606994,0.21323354022883995,0.21094063184774237,0.20051703867506684,0.2046436203314012
133,0.0,1.0,1.0,0.25,10.0,0.01,0.17400980545618625,0.20129742904952572,0.20315970073380998,0.2115863341690227,0.2102312787329439,0.1947646061168212,0.20711440902502118,0.20386564483925562,0.19524947985532642,0.20556487472130466,0.20087401214763406,0.20023485171737307,0.20420936778899826,0.2040419692167309,0.1926918276365341,0.19785514760369569,0.20905271532472197,0.20578098083297408,0.19856887185657765,0.2014276877426167,0.1952710538421376
134,0.0,0.0,1.0,0.25,10.0,0.1,0.13713009219478284,0.1554998480193342,0.1363412973804539,0.14853487898490958,0.169472257215342,0.16133570995781293,0.16765900734981007,0.1582378390985893,0.14327078714168362,0.1490497162530587,0.1442347210754799,0.15172272479712273,0.1611622016103563,0.14118661584627534,0.15194115579184767,0.15947896926907806,0.15608095785848122,0.16008642363070638,0.15713249032543705,0.14968571460716742,0.15238366179408605
135,0.0,1.0,1.0,0.25,10.0,0.1,0.13723852923446445,0.15616884165482983,0.15584840752749596,0.1535399978179275,0.16538161933099263,0.15296308091916086,0.16410620061722503,0.16305373523915956,0.14070355069277987,0.15185679041435007,0.15406190162431638,0.16452929974481956,0.1681580575541265,0.13255052172735168,0.15298582041543612,0.15481988054415308,0.15076607936661035,0.14212370599851618,0.14778820607316648,0.14724367596465987,0.15807118560004327
136,0.0,0.0,1.0,0.25,10.0,0.25,0.08725638261802085,0.10231713788251748,0.1108724727126388,0.11339809495821132,0.10469414360042502,0.10643365685353592,0.1111470471437371,0.11776381077335647,0.10779170988658489,0.10129540787057138,0.10566172652936634,0.10169603904078105,0.11004388509559289,0.11431497693051249,0.10850487354801608,0.1066875386854588,0.11170899842927452,0.09821485260658842,0.108045272404437,0.10798127408971683,0.09238013390237747
137,0.0,1.0,1.0,0.25,10.0,0.25,0.08733589852201,0.10215156166493128,0.10167701117471106,0.10888345618501585,0.10984266205902463,0.11156842431472141,0.1158725818980625,0.12492189057700352,0.11209636337721704,0.11305956246471585,0.10489357553444895,0.10235487398212834,0.1026836705386097,0.1021288516134103,0.1097647885992852,0.1104968967781051,0.1129665893585393,0.1052464750238497,0.11672442876046689,0.1119215228250801,0.09880240529990059
138,0.0,0.0,1.0,0.25,10.0,0.5,0.06449407804128447,0.08571794387186181,0.07805791344106619,0.07808696073945513,0.08062645016951858,0.08906273668570211,0.07866200223634028,0.07448768861188221,0.07939306251181986,0.07767685869138931,0.08577907592631978,0.07376921344080396,0.07899405765404711,0.07408541395221134,0.08260582418504749,0.07734579679063433,0.07912475156320282,0.06590539961513574,0.07590940539681894,0.074811458148738,0.0820740154297385
139,0.0,1.0,1.0,0.25,10.0,0.5,0.06450540905816565,0.07866157022177929,0.08093766190201288,0.07716785578167713,0.07235325660587534,0.08040207944085494,0.0798598507231372,0.08017679267858673,0.07854958115926122,0.07775968305976438,0.07341655706691365,0.07829912363918268,0.0816307731788518,0.08150730344556315,0.08795397181912594,0.0780667785582672,0.08082476353922892,0.07797037252988716,0.07313131640557012,0.08404513444748611,0.07952438432441056
140,0.0,0.0,1.0,0.25,10.0,0.75,0.05627099722970165,0.07434692657171046,0.07097641676274428,0.07376172055621345,0.07850430794044298,0.07687323598995477,0.07228936315244307,0.07302833041284505,0.0835365504772375,0.06967702701307221,0.06970793945548408,0.0776598022229272,0.0764715415037919,0.06837968386322245,0.07262916215739774,0.07855198969177583,0.07771221455672965,0.07353020646067018,0.0769335276175131,0.06478248970591587,0.0742819575665071
141,0.0,1.0,1.0,0.25,10.0,0.75,0.0563497456671588,0.07833225040161865,0.07623345215274757,0.07274155923470782,0.06896988201949392,0.08124621206023296,0.0779662426089272,0.08351924685155464,0.07962362707781231,0.07495951911734106,0.07671743388479907,0.07487661674746064,0.07679796865949096,0.08032305873357873,0.07040560866531419,0.06549401741829261,0.07456233230663559,0.08154591798496146,0.07040079766889622,0.07897499784575786,0.0724828059385827
142,0.0,0.0,1.0,0.25,10.0,1.0,0.057780255757468146,0.0745315318869956,0.06855238096539497,0.07314989046932105,0.06590016177582766,0.07295544520979973,0.07575532862584579,0.06851991347315109,0.07291748384887789,0.0708697993321781,0.07044731819752291,0.07053810027203807,0.0699838441983093,0.06805219802304982,0.07755555209495774,0.07808916395911196,0.07436096279083756,0.06607105428796228,0.08254122364773797,0.07594170319266384,0.07229761062834482
143,0.0,1.0,1.0,0.25,10.0,1.0,0.05781291301095434,0.06518374796132341,0.06480412922095669,0.07980433960750108,0.07565903031467176,0.07192986104547058,0.07735806204620085,0.08152529533889585,0.08184769330558644,0.07266928307459271,0.07003956959736544,0.06584915758726045,0.07014397629483736,0.07823891746055506,0.07857618756816696,0.06659398839498938,0.07226113901396912,0.07609758394192799,0.06667271011888262,0.06466058478383421,0.0697638009142167
144,0.0,0.0,1.0,0.5,0.1,0.01,0.2105734850239658,0.260302151421235,0.29753288851618853,0.30137628559259827,0.28665396957219236,0.2858837002705365,0.3000090714163628,0.2944548552187495,0.2799819648128918,0.2901743645598075,0.27938148545519714,0.2635693022991651,0.2819480621486408,0.27208734332671475,0.2755705109424346,0.27451095280324916,0.2849137105521273,0.27150266402224754,0.275710118014422,0.25834127753296704,0.3008641797253371
145,0.0,1.0,1.0,0.5,0.1,0.01,0.21067546813901109,0.3124533813200358,0.277182057776438,0.2880164357106706,0.29815369284966964,0.2695500663505097,0.2755130481721161,0.276917516956249,0.27749604759281876,0.26202467175472105,0.293969311324117,0.24301687967379065,0.2842266684986539,0.2769773042203538,0.27813291162941667,0.2803898488886853,0.268472449073608,0.30592910249692906,0.2960778419557701,0.2747474870501911,0.27618369595565656
146,0.0,0.0,1.0,0.5,0.1,0.1,0.2220624625955501,0.2507705457216627,0.270756222665279,0.27442921050483327,0.2712773995467204,0.29018603452224534,0.3046115671898896,0.2724688971890275,0.2901654764024155,0.297191562190783,0.263859603262031,0.2915390736914167,0.28849267113583366,0.2873506605571296,0.2912624915538794,0.28782079953528517,0.2696926334903474,0.27191444677661203,0.2933537549577897,0.30770786154993207,0.25944606639458306
147,0.0,1.0,1.0,0.5,0.1,0.1,0.22227616063271471,0.28123266223007265,0.27817484912747376,0.2640218685997122,0.2785347694187586,0.29603440138407877,0.26993217074669373,0.24411533513168596,0.2769502728824179,0.29287853614943166,0.2716717692309226,0.3041735136673544,0.2803988083405678,0.2560129803110041,0.2568508922110166,0.2929301815684431,0.29264361426328095,0.26320783148801286,0.30331331771233305,0.2943581244605676,0.27871361239169434
148,0.0,0.0,1.0,0.5,0.1,0.25,0.2022433229507838,0.31198228337949885,0.27307400096358425,0.27247505696381924,0.27805610294940303,0.29309294231819477,0.3146891808106289,0.30067448302979344,0.261905682753489,0.28520300458109593,0.2929575671747026,0.26732483346703784,0.2959032360382406,0.2670674845976021,0.2871904200738008,0.3134668231044601,0.28022616391113553,0.29004816294818564,0.2752061993162617,0.2913832204273433,0.2769738250736326
149,0.0,1.0,1.0,0.5,0.1,0.25,0.20245310419948867,0.27287512512981876,0.28386580046851567,0.286444747553484,0.2958804990932538,0.2755279739552942,0.29672809934365896,0.31045359162471087,0.2825785194664505,0.2923624513576468,0.31032858411870046,0.2534380937135851,0.28692899747574474,0.2836423994687349,0.2706109401795753,0.2717893358792966,0.2630028664179242,0.2756531831251231,0.26534061997998415,0.3089771467151735,0.2554401280531808
150,0.0,0.0,1.0,0.5,0.1,0.5,0.19149307149344305,0.2666201690971405,0.26130113935909516,0.30149814427523824,0.2734944637394276,0.28967146870766486,0.26252522932956834,0.25850296968136455,0.2764932374320003,0.28749180047306955,0.2919217082466168,0.27876501170979967,0.26404994036918344,0.27349629741230974,0.323148432206735,0.2472860414946175,0.26366810758911224,0.2769320636546875,0.2935797679165958,0.30736686254642936,0.28990967461976697
151,0.0,1.0,1.0,0.5,0.1,0.5,0.1916052817070496,0.2757368939374879,0.2783346831011393,0.2941629907621929,0.3107663159111172,0.28037323446484425,0.2798760232483835,0.2829916966731466,0.279569032419774,0.31286718373667793,0.2984939240200462,0.27863368202855493,0.27205973531468025,0.28037561846203785,0.25236431855409774,0.2921829809839921,0.2799557383880501,0.30210291535006545,0.28154870084335687,0.24830564721757864,0.2786692438768313
152,0.0,0.0,1.0,0.5,0.1,0.75,0.21965640351025723,0.24838280865837142,0.32206984605855765,0.29268871556230164,0.2730257218614426,0.28491004190612623,0.29020899825515006,0.29318610270897777,0.28291973098679046,0.2816693908144055,0.2692830059536132,0.2915381136265272,0.2832885836947378,0.28199969454960183,0.3116708982687772,0.2799221066427796,0.2717067569025896,0.30779777649287143,0.2795305884053978,0.2843665990524794,0.30168907833997344
153,0.0,1.0,1.0,0.5,0.1,0.75,0.21984885605402324,0.26154912013416887,0.3181253300705038,0.2981230234542361,0.3024242691510515,0.29449438306686043,0.2899748250266137,0.3003325901437295,0.27006388739209836,0.3117638113990116,0.3104716578340233,0.25976150442791407,0.30368538321838895,0.2651391010054804,0.2872735690846028,0.31599668142770154,0.31819709407638036,0.29839216976219696,0.29254286773263755,0.28184589255008,0.2431912225506726
154,0.0,0.0,1.0,0.5,0.1,1.0,0.20836504425370644,0.29808238675447074,0.3187763647806015,0.2817377383746567,0.3313571085275933,0.301522933719711,0.2780011267076409,0.2925011381839681,0.32261685708624455,0.29531004111091613,0.2971689837213852,0.32301672869183107,0.3239265056488351,0.303695227494211,0.2775022238867954,0.2780989411463229,0.28855227247491644,0.25533665087324364,0.2928762816221206,0.2532632962018091,0.29409509620056296
155,0.0,1.0,1.0,0.5,0.1,1.0,0.20853453768217578,0.2916033468604599,0.2656901470807606,0.303749475232381,0.2777858116409225,0.28880837658349784,0.2800198237265159,0.2870358908942936,0.29762788560618175,0.3146894768739645,0.27247315293677227,0.3101335095188482,0.2822887268549171,0.3218268597997413,0.28340412062152465,0.2868132502418787,0.29790507336238664,0.2705347539505941,0.28301539982206525,0.2744810740208382,0.3110667265283172
156,0.0,0.0,1.0,0.5,1.0,0.01,0.2122747433368293,0.2597845163502649,0.2791889329273567,0.273292715825244,0.2822887572464323,0.3132765030083522,0.2754805536334986,0.28083024081134744,0.25941137294418165,0.30294278134953756,0.28870583214987344,0.28352363563236044,0.2823936708856475,0.28103544622513094,0.2834372687224323,0.26511927293867676,0.2812991679685353,0.29005177941169247,0.2765069096932963,0.28321135927928015,0.2666895641568743
157,0.0,1.0,1.0,0.5,1.0,0.01,0.21246365369494807,0.30470557478605304,0.2734015691584706,0.2367111651008575,0.27541174947044217,0.2711915153705442,0.27966311826333556,0.2844303806013245,0.2971458475046041,0.28830551626400613,0.28071990333763797,0.27826440593204826,0.28008729324768494,0.28246568639627173,0.3153646286712128,0.268145576486998,0.2968307481845275,0.2844286107334686,0.29100476331543923,0.2728947195345406,0.29338967186278886
158,0.0,0.0,1.0,0.5,1.0,0.1,0.23923129207728525,0.31255652059205424,0.2882862397426796,0.26326323145024416,0.272657100483045,0.262470296523928,0.2602019317641284,0.28541096445722514,0.28379573893877624,0.3030255829645583,0.26966798150394444,0.28144512939386945,0.29613764312465735,0.28827154866092763,0.29516518607622527,0.2963260412829679,0.2961995387457343,0.30395475433622565,0.2854328308567208,0.288589177394102,0.26646235194632245
159,0.0,1.0,1.0,0.5,1.0,0.1,0.23931134586133698,0.2871337409165831,0.2811517178728763,0.2891609764319659,0.29193558586542995,0.3196031948016801,0.2805294673600077,0.3009363682973317,0.26634301785777953,0.2722048928005561,0.2765085659043557,0.29005161792178885,0.29332490872224354,0.2821772224894597,0.27980464784015013,0.28347534881605924,0.25216722986871976,0.28076275251986726,0.2647894343867619,0.2841475912942365,0.27956647669906626
160,0.0,0.0,1.0,0.5,1.0,0.25,0.20178142300784999,0.2750036809457824,0.29616364212481106,0.31670348006037297,0.2724228243014665,0.2825010988438109,0.31242430109641683,0.2653994978574279,0.2998515392208044,0.26001935593113623,0.3067264975017548,0.2656250211619969,0.2573737106208191,0.27085397118558696,0.2988765904938249,0.2807816971864085,0.2634907551507526,0.27530003085879073,0.27410772886980556,0.2845439498860492,0.27691471232104403
161,0.0,1.0,1.0,0.5,1.0,0.25,0.20200228136569717,0.27046211353115795,0.2795034510126862,0.2762437633638391,0.30198358864080094,0.28568605689368043,0.27694972764802894,0.28357866266483794,0.2867567021242664,0.30536370210633196,0.28548326057143897,0.2652823621105231,0.2870505271643589,0.28391686990518245,0.2954220510689503,0.2922686898804939,0.2779170748410458,0.28946717267540073,0.28319271835545795,0.2720349207667761,0.27789219688191236
162,0.0,0.0,1.0,0.5,1.0,0.5,0.231512411443922,0.28767904689663426,0.27607252505262225,0.2814867073636711,0.25539490142203286,0.2920620336196367,0.2650591190390772,0.266422813417602,0.29479615289275424,0.27286616543209063,0.2638586318976438,0.2665857389453042,0.2963385212540812,0.3028700459929939,0.24921322552148276,0.28400359460787494,0.28821068693951035,0.3180715462086018,0.30720551112496075,0.2770440225398618,0.2841228372592253
163,0.0,1.0,1.0,0.5,1.0,0.5,0.23154246391006053,0.306464641059357,0.2920560513170919,0.2937413481906575,0.3042181802961633,0.2949384309922284,0.27440264175831985,0.27458391898080164,0.3072716395804287,0.3098458159753484,0.28907045309145923,0.24940265522634655,0.2717297989676468,0.305381055928844,0.29924013930100685,0.28832999717323693,0.29746018678701386,0.31279008151194876,0.3069747903384397,0.2658156956834046,0.3053889521643596
164,0.0,0.0,1.0,0.5,1.0,0.75,0.21611441667890668,0.2739281556589174,0.2764356282567922,0.2680760752741276,0.30298396942418415,0.269497929297809,0.308878124061476,0.28419101325782414,0.2910412210678109,0.30031227013048273,0.29340787307798594,0.2718018712177125,0.31476263672511534,0.28837511727394355,0.27159980776589726,0.29298249853408326,0.2916078017018953,0.2685158162667315,0.27993055926105287,0.28415104855007656,0.2611909620757408
165,0.0,1.0,1.0,0.5,1.0,0.75,0.21638518045824987,0.2881164298744956,0.2845636991354589,0.28551040074076467,0.2857634731748345,0.30093415156134723,0.2969458461005769,0.29415061398393244,0.28078246313643884,0.28456017524490623,0.28787336331498237,0.27979608076346807,0.28776357431880206,0.3199504773940422,0.2669395552234425,0.2666095655440637,0.315256632287982,0.2959280335262364,0.27991168281971823,0.29932847028441845,0.29471128398413493
166,0.0,0.0,1.0,0.5,1.0,1.0,0.21296277782530187,0.26565071750957725,0.3109319469810097,0.2950839684793883,0.29559653866299035,0.2927474007110594,0.30129674142490376,0.28118984974275707,0.26557323090921386,0.3011145067695184,0.27148541750461935,0.30049284378804947,0.28942909535786177,0.3002186931855018,0.30046125344947516,0.28625143835405836,0.2675581587827164,0.27289888612086427,0.30044473640863223,0.28307295431010526,0.274216609585073
167,0.0,1.0,1.0,0.5,1.0,1.0,0.21305807435353327,0.2681832431217539,0.30513461220203136,0.28835560707683583,0.31142233403150793,0.30941408964578515,0.28690659628861165,0.28361536542785176,0.2651112221278672,0.2677932010031149,0.30725050860850317,0.32669316303192825,0.25988833825974955,0.2810006683276168,0.28756491658086225,0.2574404427883396,0.2752101117139495,0.28665015339490557,0.2752919008014986,0.27452779076935196,0.2663841774968288
168,0.0,0.0,1.0,0.5,5.0,0.01,0.23933978209384685,0.33164852293132757,0.29924813081058366,0.30200866041755153,0.31389269814065734,0.31093441224703455,0.3176904903542378,0.32911373807178906,0.32580239052997084,0.2909001323770476,0.32716227942690723,0.3180880683831626,0.34088895369114164,0.3377688992488992,0.357983342643211,0.3267427750495492,0.32733297285153684,0.3025085562482384,0.3107198976740648,0.3471906901696957,0.31072726505690534
169,0.0,1.0,1.0,0.5,5.0,0.01,0.23937419149061534,0.3321099602020772,0.31266801470535804,0.33436338263095533,0.3044810831972587,0.3130549058156894,0.3252603257227343,0.31716282739652235,0.2819067794905638,0.32183976717139823,0.3246180071451615,0.35859392051662864,0.30713974960136026,0.29979529730268933,0.31079352794073073,0.3280146652900456,0.28566128096769505,0.32524604862827966,0.3166865173043977,0.2994560003832165,0.3154538902482537
170,0.0,0.0,1.0,0.5,5.0,0.1,0.22689602292054897,0.30852926996970675,0.31464153224251284,0.3220108751396059,0.28257749077114724,0.2804664505467128,0.31216023321043623,0.3167964161576101,0.32888874080232483,0.3128126232915798,0.295042257208189,0.31763275848166106,0.3127311027854549,0.29082499883407226,0.3019959425719389,0.3075906934643136,0.30276996380836746,0.28146933326708734,0.2722410739756771,0.2907366944796726,0.2898673652914633
171,0.0,1.0,1.0,0.5,5.0,0.1,0.22721590922078208,0.2873767762050922,0.320744286777538,0.2968173453975194,0.3134677319355635,0.29272880261123796,0.3135199809143106,0.3118768253762109,0.29275806234411816,0.31549511163602983,0.31768752843382725,0.2924502055153285,0.3041566537338615,0.29251393090141126,0.2924204261271563,0.31970722307708566,0.2874896034813897,0.31109574286009,0.29921732782452665,0.302732313413532,0.2804652596551134
172,0.0,0.0,1.0,0.5,5.0,0.25,0.20951644477760573,0.3030566765254528,0.29789440019267993,0.30286439822281247,0.3100678872766343,0.2851018986564199,0.28293676762911496,0.27111917953537434,0.2933581109004013,0.2620772814986432,0.27493452367345583,0.27910150949311,0.28340948249130854,0.30580192355820135,0.2914963700241912,0.29943923347691964,0.2596182057693908,0.2842898645077788,0.26966484572897476,0.28919745053513063,0.2921725169091323
173,0.0,1.0,1.0,0.5,5.0,0.25,0.2096203024486268,0.3199241111290273,0.3176690089934199,0.26112554856151493,0.29617793447346574,0.2811186918052305,0.296482244430079,0.27711267935607065,0.2940857578035231,0.29560733157236146,0.323175306230147,0.2973181046508568,0.2961437801410289,0.27055772837426,0.2752217717900174,0.3257997849710102,0.3164136732981951,0.32158274368582934,0.2819705818555006,0.28127804638939935,0.3083352415080566
174,0.0,0.0,1.0,0.5,5.0,0.5,0.24275850421020215,0.29533978585306786,0.257737200100172,0.29740636984587,0.2691706840574386,0.26686296092124645,0.2882645558467566,0.30235397714079426,0.28222218040594454,0.30453398736483506,0.2946151850116987,0.266898898194524,0.3175897431939465,0.2962724287301811,0.2599183261602658,0.3121959139613064,0.29977908999111785,0.29285351247112545,0.3047178145141237,0.27515028047384826,0.2973802556099231
175,0.0,1.0,1.0,0.5,5.0,0.5,0.24306721394427178,0.28419365882584563,0.2655389701636749,0.29310004764571485,0.27827661255490277,0.2899086764917505,0.2771050156569276,0.2940435500721942,0.289533674532998,0.3057888040857686,0.27904597006317744,0.28843685449305123,0.2746383362370676,0.27242548695029545,0.3055476930184246,0.2883519920017093,0.2782989702385322,0.31023704499675026,0.3079049265553167,0.27907785908825605,0.3129541987985417
176,0.0,0.0,1.0,0.5,5.0,0.75,0.21132185335073805,0.26608973763099325,0.2804746616360458,0.2963421574217559,0.2824607268031659,0.28722126114557034,0.28959831951126197,0.2655758922516503,0.29468126233133246,0.267998250915993,0.28713939262665217,0.2822131638852566,0.2775250383886826,0.2672389225603446,0.2874732569827799,0.28789133464917377,0.26489778894221144,0.2972825606519974,0.2621013260772583,0.28167203201429536,0.29866128612053394
177,0.0,1.0,1.0,0.5,5.0,0.75,0.21132579076514285,0.2638774690076163,0.32580297004842196,0.27955063542889236,0.28981993201734985,0.26780974179960715,0.287765895943414,0.27457888172848577,0.3027629494440553,0.2760041992800481,0.3065114261790575,0.3020946896130878,0.24918718930870254,0.2549356947886244,0.2802498188280401,0.28752798495981013,0.27408345338536794,0.2692177801192529,0.30366342339582425,0.2782139358540684,0.26547977290682784
178,0.0,0.0,1.0,0.5,5.0,1.0,0.18615730860570912,0.2423324506369251,0.29088558000201137,0.31200874322696437,0.2600910952982893,0.27164202710797436,0.3077285297786483,0.2740566279541898,0.2752444157157771,0.24855904067013115,0.3111127607446405,0.3092574359074436,0.2509345604658335,0.2833807629728128,0.27376792225557556,0.2672913312433345,0.2805139558078934,0.2757601223886875,0.2756869654285036,0.25733985702575507,0.24604609759305784
179,0.0,1.0,1.0,0.5,5.0,1.0,0.18641297469090096,0.2920436908858032,0.2785615826560256,0.27152945430958864,0.28021874937571445,0.28985513513524674,0.2809727871886961,0.2661910548901518,0.25759243127266557,0.27536525598350703,0.31059459603308887,0.27245605397887773,0.2753955220221718,0.28600392038688466,0.2748733352035683,0.27241259496143105,0.2643810515149853,0.2584038003386746,0.27180094372026004,0.2490806752661167,0.27085149834066935
180,0.0,0.0,1.0,0.5,10.0,0.01,0.34721145135604126,0.3835647047261054,0.37527901454265716,0.43115378616630223,0.38947039547824797,0.42782735988102033,0.3979822097104232,0.4093306045834076,0.39271862521461537,0.377294628676478,0.4082766740658572,0.41021520004053136,0.4308021215848679,0.3673442691877476,0.42575789286516913,0.40136424340144683,0.40535163992717493,0.40393139670555284,0.39452736479626727,0.3986799538559232,0.3829670979055756
181,0.0,1.0,1.0,0.5,10.0,0.01,0.3474593452593513,0.4048309853858208,0.43383781440602487,0.37692207173505093,0.40179780892467415,0.4067857601812014,0.43215051798132426,0.39228935011156485,0.4290693934542438,0.4344681632789796,0.43535718072458485,0.4277271537920462,0.42898347507084683,0.37625367658087855,0.4037205617891461,0.3813328644897861,0.4037347379567558,0.4447082190351948,0.395750288281922,0.3964911497039057,0.36594434160047984
182,0.0,0.0,1.0,0.5,10.0,0.1,0.303421999527154,0.3854127802958167,0.3667457985239941,0.43101096978571296,0.34167620326105086,0.38453608963427616,0.35712186707238414,0.4116926243798634,0.3934232203799495,0.34660630633499884,0.3826951360095095,0.36091321532906834,0.3767631959693028,0.34273975134949614,0.38764507086359623,0.3445313402711743,0.3810419264444043,0.34957010251207693,0.3364692177822667,0.3717019313860056,0.3546626823816695
183,0.0,1.0,1.0,0.5,10.0,0.1,0.3033834750283242,0.3550908954284519,0.360963404410299,0.371011368121235,0.3463292767345109,0.37936805078174696,0.3733371790018548,0.3619738839904224,0.36316626263930774,0.3605131010768933,0.4142677641056411,0.3497767277150231,0.33781167553643027,0.33062156248630103,0.4068686142711932,0.3697691937397766,0.3568684346774789,0.36300846928681957,0.3606154769340191,0.37179642753534753,0.3849679904549225
184,0.0,0.0,1.0,0.5,10.0,0.25,0.23508310692704246,0.31714859577030885,0.3325456658359047,0.32976957779201566,0.3137624113611846,0.30954998472430606,0.3531419667064632,0.32915617563730104,0.30339279459736995,0.33624461071202355,0.2985496063497757,0.29728635668102354,0.3456115573150796,0.3125291404979785,0.3188394124582907,0.3012621422008221,0.30226536836944295,0.3132375683422387,0.3433341654474278,0.2941198384185554,0.3224060492547651
185,0.0,1.0,1.0,0.5,10.0,0.25,0.23525514207880638,0.3116475319011304,0.3205767892217125,0.3269118184410656,0.33798582905473507,0.3081480054452084,0.3745735808082246,0.3007422147888318,0.2884757855667129,0.3076710098327573,0.3193869792639848,0.3371156909526773,0.3130067649948172,0.32888794419155987,0.30750659665244245,0.3227892621981302,0.30408449914907515,0.33568301161812514,0.31373830673129965,0.3028663211123524,0.31994751903958857
186,0.0,0.0,1.0,0.5,10.0,0.5,0.24176861456630763,0.28648710572491876,0.27131046813515924,0.2981347916990161,0.2709469584376211,0.2850263096412003,0.2618984151221906,0.31730737639155315,0.30514729130526946,0.28933917219070937,0.2889612427538333,0.3156675230919412,0.2811135529783895,0.28256221138005905,0.3034338942902616,0.30339819017814024,0.28418418548509755,0.3011802927510346,0.281610915607874,0.289881047064043,0.3161469591648305
187,0.0,1.0,1.0,0.5,10.0,0.5,0.2420785854961473,0.29738196904195513,0.31767533472714576,0.309567265426075,0.30834495521503996,0.29628158220916173,0.2847075771173845,0.2727556174545332,0.31102751621518443,0.3085649711343895,0.26240622106005923,0.28853322379265955,0.29578900021765137,0.2639972451004864,0.28768039979337234,0.2711227008043864,0.31363436578784165,0.2585140365379146,0.30365925399930593,0.2776677793706267,0.277732637784308
188,0.0,0.0,1.0,0.5,10.0,0.75,0.2149349385197439,0.3102507754579643,0.292089984888104,0.29637372246762217,0.2969420940410214,0.30131516784639484,0.30231890702572944,0.2897420302054609,0.3044482556959143,0.29288451898683204,0.2740344686276007,0.2509387003368488,0.278615724039601,0.3126003665724746,0.28368297169311407,0.28860740168878674,0.3178248050364017,0.2963988806572594,0.27315308659979165,0.27194530313243376,0.2650777643092232
189,0.0,1.0,1.0,0.5,10.0,0.75,0.21510530679966386,0.31321714769018155,0.29790255643039226,0.2843899961763714,0.28447074637428194,0.31469877564840587,0.27578730874599455,0.2922692183938915,0.26508040634397584,0.30984569616716773,0.275623165439224,0.3107715415552984,0.2905970683622742,0.3043778874470301,0.29686389122480933,0.2796385062924096,0.3049816675400848,0.281116060989184,0.27541700743960085,0.2972294254764879,0.2760796217566947
190,0.0,0.0,1.0,0.5,10.0,1.0,0.1987942561648623,0.3028098576069512,0.2839412172294578,0.2915535174510222,0.28860568017276406,0.27767015884215773,0.2860042583960009,0.306070057818155,0.2938953632087322,0.3010103959745241,0.2920559440777453,0.2691490650589553,0.28773442554130463,0.2647433839133042,0.2636392997069383,0.26196776345046424,0.30062285537823674,0.2785740929814313,0.2800387348121216,0.25587233244653923,0.2784664272251207
191,0.0,1.0,1.0,0.5,10.0,1.0,0.19896850247007897,0.3068958662474675,0.30581095783102535,0.2554726030299577,0.28754327352412995,0.28801084694754486,0.3127916561493207,0.3020758182876537,0.28536582782409636,0.29261780361485307,0.24571713872374248,0.29635078025931033,0.3117032314602391,0.28411452091992856,0.2714486088894811,0.28064917165089265,0.2948414419685297,0.3061540294779809,0.2889326349216003,0.2781751754630469,0.2729679363081126
192,0.0,0.0,1.0,0.75,0.1,0.01,0.43858323300917745,0.7518838661735278,0.6020905181752457,0.6572599849017361,0.698315635587731,0.6479746720019539,0.5757285786622411,0.6523523164243579,0.5936804545976221,0.6608852510598079,0.6383715406204519,0.6001801707934206,0.604703578142461,0.6021074239525259,0.5690290090545385,0.6144927937168664,0.682411483531239,0.6708232282569997,0.6468739986359282,0.6161371564844814,0.6613219128041068
193,0.0,1.0,1.0,0.75,0.1,0.01,0.4389816254979307,0.6102313233321393,0.6135140792195869,0.6331793192900766,0.655043930402015,0.6568901359274639,0.7287538245400795,0.6291163227835533,0.6404962978501229,0.6303428976979069,0.6718736622993129,0.6558955234530389,0.5858262174577913,0.6492970247837657,0.6284311189860761,0.5784997656668948,0.6455255105362887,0.6664919560511383,0.6563530571034962,0.6636624799228154,0.6216824863903264
194,0.0,0.0,1.0,0.75,0.1,0.1,0.49242500437777825,0.6420623502383253,0.6403273108421265,0.6606633516472157,0.6157410829487376,0.700142548770276,0.6016753825008467,0.6434216714539618,0.6528101023684252,0.6664282895855426,0.6376779721190193,0.6348188696646845,0.6342597845230769,0.6967652766449559,0.6530116420756131,0.7014429851756203,0.6807533887346936,0.7061650431274555,0.6544543565692671,0.7087944144985701,0.6354974820430791
195,0.0,1.0,1.0,0.75,0.1,0.1,0.4924867249753029,0.6192726300621982,0.6016305607478242,0.5633080715294354,0.6621322011595875,0.6788293170889687,0.6630094986063837,0.6413534768220784,0.6619556961299533,0.7150148313713165,0.6512570360399336,0.6813474281731443,0.5797706918154801,0.7147224642986039,0.6803900837064524,0.6806265714728155,0.6632046338084835,0.5875181544016789,0.5959929848361517,0.7024490005975542,0.6095849072463109
196,0.0,0.0,1.0,0.75,0.1,0.25,0.5503775997112279,0.6658699331409959,0.6408282292833858,0.6989659462624005,0.6752267564792019,0.590465858962866,0.6626193436734666,0.6349157562590777,0.682474985086698,0.6298535600252082,0.7010367653213063,0.6460842796251708,0.6357470554942678,0.6601708022632505,0.6721581943809021,0.6714465936427486,0.6365257943533768,0.6505729483586394,0.6442899073134689,0.6343243936668373,0.6803065661517524
197,0.0,1.0,1.0,0.75,0.1,0.25,0.5511493303383418,0.6140237767012116,0.6189600890019595,0.6568829964839167,0.6892717436031355,0.653100011229393,0.6932463074878553,0.6477421830589835,0.6387852651025366,0.6425673209109396,0.6760902290837694,0.6625970857001106,0.6619011949384902,0.651421097085055,0.6904237427480258,0.6864861064810794,0.5747933871242495,0.7061148183683384,0.655427333032222,0.6633699581276221,0.7036683229684892
198,0.0,0.0,1.0,0.75,0.1,0.5,0.4820674066758148,0.6769708688916355,0.6444273584724902,0.6663252980385099,0.6096167217165758,0.6410372084280598,0.613286054763779,0.6535711647852324,0.6575416235607383,0.6336454676500278,0.6194572602319532,0.5932868134009012,0.7024263353882138,0.6243762338788558,0.6575939296104926,0.6184143268691128,0.6021866951092129,0.6150418679167875,0.6322215627042489,0.6827854880883515,0.648859898444717
199,0.0,1.0,1.0,0.75,0.1,0.5,0.48269908125151323,0.5979392767216197,0.6618373826329572,0.6125647778256976,0.6171178292368078,0.6359110418457914,0.6601573952755654,0.5931658709499007,0.6421052462782766,0.5940059023924005,0.6372612945695643,0.6647977421598319,0.6297764563795049,0.5607502752117802,0.6645440141862433,0.6482809086337228,0.6647236306947379,0.7186456669307975,0.5999027542453511,0.6145555437929717,0.6466378539523585
200,0.0,0.0,1.0,0.75,0.1,0.75,0.46578836002370644,0.6138448720677805,0.6230205022760494,0.59721034420316,0.5679750070853344,0.6054196202899308,0.6609597734955002,0.6932789840204702,0.6823525811370857,0.6047738251067931,0.6366420436255872,0.5672615759200086,0.6751641386848054,0.6419656944055651,0.681219126194867,0.7107674789621485,0.6825219026200166,0.6296813844251786,0.5841312667860705,0.6272885113186633,0.6673958224405089
201,0.0,1.0,1.0,0.75,0.1,0.75,0.46603526848150834,0.6613800041661191,0.6676581144709975,0.5819402481050098,0.6594229909006192,0.6448551196408303,0.5797090129299267,0.6648257678803559,0.6324608230573167,0.604108427423307,0.6007029642515611,0.6197974643740396,0.5400241281224799,0.676617740418826,0.6726519479853288,0.6817384456377978,0.656355235948037,0.6804560546210272,0.6930019322358265,0.6234301989442345,0.6731836024647482
202,0.0,0.0,1.0,0.75,0.1,1.0,0.48717769026323876,0.5924966628449662,0.6215828170707673,0.6211889442713054,0.6896796569049028,0.6943964232917447,0.6102054536898078,0.6558158118172134,0.6562858132157541,0.675444253031535,0.673217166164809,0.6928874540063494,0.6349466699531051,0.6145683460415646,0.627801847103153,0.5919106305652012,0.6963203598992628,0.6685969908305096,0.6920720378198468,0.6641738171397403,0.7083373280603351
203,0.0,1.0,1.0,0.75,0.1,1.0,0.4875124089662057,0.6117813592738874,0.6545357096018417,0.6362720063382427,0.6867668592818952,0.6848744366803343,0.6954951084662278,0.5956724053739144,0.6693812551321505,0.6375966225246701,0.6754571362645629,0.6263622093803216,0.6215882101310491,0.6407598032271443,0.5998355361265086,0.6317076846283209,0.672746418141104,0.6656450814689607,0.6950562664200411,0.6252553997486561,0.6807290288856988
204,0.0,0.0,1.0,0.75,1.0,0.01,0.46875626588216057,0.6958418180614825,0.6926685652993457,0.6819735800363596,0.6113484568728597,0.554232146808688,0.6689251272516926,0.6948709837079061,0.6482323891113064,0.6039064760803345,0.624398226765815,0.6204886102046244,0.6475662622874013,0.5949008651242345,0.6520688305143518,0.6133495000730087,0.5915771750383879,0.6216658665231707,0.5731409576498034,0.6802774201805138,0.5208052214009089
205,0.0,1.0,1.0,0.75,1.0,0.01,0.4690727378788557,0.6294611600227823,0.60490279873902,0.6458003399766087,0.629187435606239,0.631461871067163,0.6066520510659569,0.6883084140824547,0.6342328174359121,0.6122038075602484,0.7319412302297187,0.5812771246590294,0.6155425814210863,0.5601673178232895,0.6136316874435733,0.6222480932645628,0.6241787532436761,0.5754902959030782,0.6620865589511898,0.5848918916432075,0.6005722834481206
206,0.0,0.0,1.0,0.75,1.0,0.1,0.46146470312142446,0.5448200560385535,0.6370377058643307,0.6728313412559978,0.6353719773363357,0.7174255619341907,0.6476012352481467,0.6407095829409787,0.6646998454167795,0.6882415643407589,0.6172073962852015,0.710539192057483,0.6387971125080769,0.6147810131756167,0.5595142504097459,0.6241642174774963,0.6028668943546215,0.6489636579634934,0.6644232492694138,0.6068283019403169,0.6529540731548138
207,0.0,1.0,1.0,0.75,1.0,0.1,0.4619012817521212,0.6381983642731358,0.6536809549666667,0.6736009979358285,0.6224424071005072,0.6759289230204027,0.640015142973133,0.6037974107862939,0.600987757346403,0.6722542878283866,0.662228515557244,0.6771669943910377,0.6646618736704614,0.6785660410130062,0.6362688210930892,0.6898539045106278,0.6110340007462404,0.7037506373221394,0.7391768684152588,0.5933616896443915,0.6090121732377918
208,0.0,0.0,1.0,0.75,1.0,0.25,0.451293509897952,0.6965496069355097,0.5967965339710924,0.5734983768054671,0.5914585524810196,0.6072743914045857,0.638073490002096,0.6688805104287552,0.6070294457874081,0.6479903495348825,0.5963029036595946,0.6316416462772082,0.6063183330994018,0.6304465442653485,0.6494917823618549,0.6049368312643956,0.6132653546508147,0.650496086491577,0.6197105619524925,0.6508740120392046,0.545124341128477
209,0.0,1.0,1.0,0.75,1.0,0.25,0.45153257532719443,0.5547108261128989,0.6884812263157756,0.6203648264149181,0.6620247986970026,0.6998663054123127,0.6235523493233031,0.6138920983079897,0.6306121687849549,0.6561387630991358,0.6137347122522536,0.7090652234501417,0.6525409009858057,0.6465788642371008,0.6280297635086722,0.6317355089013601,0.7168202705000496,0.583848784913167,0.6110638814248128,0.7028591366483798,0.644482259335652
210,0.0,0.0,1.0,0.75,1.0,0.5,0.5087399577186568,0.5585954117012114,0.6113054364051955,0.6088339679325724,0.5964659964210656,0.6272627076683938,0.6302479471770813,0.6864573593806059,0.6312606647759651,0.5541819065020719,0.6394945287099059,0.6036790106108759,0.580849724970397,0.5848842335517634,0.5949805628909695,0.6556951573078058,0.6518160473246939,0.6152348838615433,0.6397890761600524,0.6259626849963522,0.6106572921589857
211,0.0,1.0,1.0,0.75,1.0,0.5,0.5091424358835296,0.6084236055059404,0.6107584003876045,0.6569419817751867,0.6319771636358851,0.6170403749996097,0.6172702219279063,0.5817806426918912,0.6499645883839354,0.6492716144698456,0.623724255721275,0.6165165778939082,0.6477308446978004,0.5899826808220837,0.6343252815900804,0.6969434136499926,0.6082646199477724,0.6493623153127959,0.5553848126702879,0.6100745313012214,0.647324696076737
212,0.0,0.0,1.0,0.75,1.0,0.75,0.5028597406372417,0.6779888148456695,0.6262439852487208,0.6080452256395074,0.5603379719535138,0.6917869978042485,0.7298287318778405,0.719271044078781,0.670141847481909,0.5942485347608804,0.6953948316836481,0.5978023166182331,0.6966526812389742,0.6148553075891959,0.6295330117693118,0.6513498326803876,0.6218907651663667,0.6382022892197536,0.6306374252661507,0.6899185363268114,0.6996869845400413
213,0.0,1.0,1.0,0.75,1.0,0.75,0.5031980019605978,0.6485893553792009,0.5793337979363984,0.547949365296118,0.639116847870715,0.6260126452167774,0.5909170187944932,0.6442553306553027,0.665740663428503,0.666338751367915,0.6790195403670692,0.7062704285790996,0.6843726471694931,0.5783133190543471,0.673092502802794,0.6786882814359712,0.6501893518487061,0.7135564949774863,0.6219235864992001,0.6352413849896914,0.6125774817822383
214,0.0,0.0,1.0,0.75,1.0,1.0,0.47312650158787417,0.6084598198509306,0.5938228711334201,0.6368025538907108,0.5796020994128804,0.6593315232351715,0.6310196709449986,0.608239854612411,0.6375239406719713,0.6714757851737605,0.6074829031725653,0.61195532062982,0.5908154829231351,0.6241327284622126,0.6299946040022243,0.6180577231863432,0.6462715532965863,0.5872579180036024,0.6461452574425579,0.6085897323888065,0.5992432487204911
215,0.0,1.0,1.0,0.75,1.0,1.0,0.47352427452406265,0.5572625743016455,0.6339625935568565,0.6483037060751943,0.7021870016985114,0.565585751264349,0.6515347853046296,0.6833071393970912,0.6523845444373548,0.6742754362817343,0.6242064734460986,0.6327820219779141,0.5978743924569156,0.6583395705072459,0.6214429010718007,0.6150389646361789,0.6102417971104129,0.6473364440623427,0.6036826147434444,0.6518136329840092,0.6528960222755017
216,0.0,0.0,1.0,0.75,5.0,0.01,0.5211893749763431,0.6429821267017027,0.6547214054824028,0.6838867797382762,0.741817237891616,0.664247847127875,0.6106441902390648,0.6514563427209821,0.6044084215542147,0.6640739579802121,0.6389658150908661,0.6571909663237023,0.6134370071701746,0.6629655934471652,0.7120813807065817,0.6262144982597151,0.648142338364158,0.6665884968771841,0.6524544963464647,0.6383446659700809,0.6405999018691384
217,0.0,1.0,1.0,0.75,5.0,0.01,0.5216641374342149,0.5736487697775485,0.6238816178963731,0.6868872939293847,0.6874386767026245,0.6675167659475626,0.6698647301334636,0.6433354057669924,0.6886060734848336,0.6523250859856131,0.6663491086216965,0.6407804957464941,0.6954457641135583,0.6700643880868676,0.685930962983194,0.6344795169150533,0.6983835986191752,0.6642781665151035,0.6751420712829033,0.6350026339938926,0.6930180217843035
218,0.0,0.0,1.0,0.75,5.0,0.1,0.4516962220859275,0.5633938876632011,0.6064130057518959,0.6409539574472547,0.6019675718114975,0.6286854183964973,0.6645164643855238,0.6859156572530072,0.673120096150445,0.6727805892863172,0.5611886147154757,0.6089831337133491,0.6692533349043315,0.5843988553338584,0.5840171552698874,0.632732376069264,0.6494077564691293,0.6558376284382541,0.6387634051606444,0.6152743007455533,0.6438454449405348
219,0.0,1.0,1.0,0.75,5.0,0.1,0.4517125194572668,0.6355149307637428,0.6362883097988277,0.6416599631377876,0.6997366506052329,0.6392281291913106,0.6450695753895838,0.6727654260780412,0.6989946486718719,0.6798347195332283,0.6770022342268668,0.6497721350700812,0.6793950853946626,0.6663739570460396,0.5884064317468706,0.5978983649721665,0.6297977252488713,0.6295858846127991,0.6102130704489973,0.6864279507581066,0.6854668202848081
220,0.0,0.0,1.0,0.75,5.0,0.25,0.5127504634945584,0.6567111991142734,0.64906359620893,0.6496171849945346,0.5906267109183889,0.7263403030179737,0.7118193154802098,0.6672390161618449,0.6446135274094903,0.62321392868823,0.6177082018549656,0.6942032741972869,0.6995176578580604,0.6986795985418245,0.6092974083266578,0.6182327171948918,0.6291521804442904,0.620401339957113,0.6144605515585657,0.6468718927469536,0.6092292336661284
221,0.0,1.0,1.0,0.75,5.0,0.25,0.5132791182427496,0.6543351313490255,0.66195604786866,0.6093552597727552,0.6418969022454446,0.7151445853620245,0.6707536116348931,0.6777041969202421,0.6732955330192179,0.6692326512413923,0.6289567170738153,0.6169999139391199,0.6123149236292708,0.6451057710658918,0.660205100880638,0.6211781222183689,0.6675492307887045,0.6342500579625605,0.519300288699911,0.615516384554087,0.6604921958618939
222,0.0,0.0,1.0,0.75,5.0,0.5,0.4253667237987354,0.6204389172262845,0.5788051570786792,0.6890113247435047,0.7232052191130804,0.6865318125608539,0.6491479165856139,0.5959528359109784,0.6703202019878094,0.6029414827374309,0.6805733963220395,0.5821363992156326,0.6568378233878784,0.6915813829507566,0.6762572606030551,0.6062607006304388,0.6176365169711502,0.6510518539912392,0.6479063062514031,0.6697040588526413,0.6847744472095761
223,0.0,1.0,1.0,0.75,5.0,0.5,0.4256258776003596,0.6526320569377149,0.6921074804019756,0.6745920456198709,0.6965905479266646,0.6486271818761883,0.5612511101009588,0.6256760016192057,0.5982855981359242,0.627772479997204,0.6082878911509173,0.6374286654892272,0.647090817261965,0.7416258867716764,0.6673795259679144,0.6351877968820587,0.6411079755019864,0.6024713110429306,0.6562906700317455,0.6340428265034388,0.6719159381895493
224,0.0,0.0,1.0,0.75,5.0,0.75,0.5735049595951747,0.599138753672786,0.6421522507991896,0.6737082861287156,0.7114021135343087,0.6432554135621272,0.6331675881066805,0.5887322818740693,0.645803612032411,0.7342462013861828,0.6622165136812006,0.6565572817809633,0.5983510775493767,0.6405677014132234,0.5830714164810488,0.6496233375457828,0.6420512449856705,0.6450429722294206,0.628024912150001,0.6334837074564753,0.6174739172754433
225,0.0,1.0,1.0,0.75,5.0,0.75,0.5741409979538553,0.640590911668025,0.6562210551122667,0.6843529636800003,0.6817100490424438,0.654755831206163,0.6599399020793285,0.6852860392568347,0.634432132792526,0.6025582155850483,0.6073926770792305,0.6718546506881545,0.6800752444612702,0.6757602974034893,0.6406444276276958,0.5747826887544059,0.5978785654491933,0.6893380758684072,0.6101618143901174,0.6163638979198139,0.6187274518901956
226,0.0,0.0,1.0,0.75,5.0,1.0,0.4281373210667266,0.6079286254543782,0.6082156281634733,0.550254764453633,0.6587383494811179,0.6612108488181307,0.5580231919488563,0.658105935982842,0.6187915047759004,0.704993505460565,0.5151473715676135,0.6812200389042509,0.6510379299816855,0.659186391478222,0.5966407866590765,0.6322772258326278,0.6499886480260237,0.6969495104679287,0.6912705730429206,0.6095299595832734,0.70272397834786
227,0.0,1.0,1.0,0.75,5.0,1.0,0.42826278679605256,0.6144903289588654,0.6306986590448165,0.6113787139099108,0.5406871448805354,0.6773893188770393,0.6597839978122807,0.5899240322218692,0.6183046998289954,0.6432546427874756,0.590400402543545,0.620412005193104,0.6066276117276744,0.6308287602342795,0.5900352067095288,0.612113238893579,0.6358960229905459,0.7213286683793637,0.6358606978885273,0.6202630064572159,0.7196797563420754
228,0.0,0.0,1.0,0.75,10.0,0.01,0.7021913162245023,0.7866694701433705,0.7713555007914482,0.722011452025922,0.8170320395640788,0.7041407931942274,0.7733887726537785,0.7605283053024552,0.7338227721142863,0.8002924589272039,0.8772467698229036,0.8637622707651416,0.8107962868949821,0.8506450946535314,0.7757073754176892,0.7954872458676574,0.7887360306765491,0.7929763400811626,0.7403268573057606,0.8032327939283972,0.7524909730689749
229,0.0,1.0,1.0,0.75,10.0,0.01,0.7028572949275024,0.7655824829081863,0.8051949885645199,0.7866791070908261,0.7191386489010437,0.837133451359757,0.7692622830933565,0.7547591870796352,0.7926133468358668,0.7634553587903747,0.6907681856493669,0.7354958859832358,0.8126910452343057,0.7326809339476641,0.6855164154215814,0.8489316730323182,0.7540034646210261,0.7501037762779417,0.7174309800678215,0.7798834271151951,0.8014915312116152
230,0.0,0.0,1.0,0.75,10.0,0.1,0.5816404815409582,0.7214491210321663,0.7051090846602192,0.7882600169415951,0.6969464737390254,0.7209768485050597,0.7086574144550888,0.7369112063114914,0.7621739734970346,0.7195551754323938,0.7391612007971525,0.7353568766237313,0.7408534667075325,0.6666624201574991,0.77011868156291,0.758013263477947,0.7879991519476994,0.6553818016990122,0.8123161485307524,0.7916860611007581,0.7011864947772961
231,0.0,1.0,1.0,0.75,10.0,0.1,0.5818952366576742,0.7262737916405333,0.7684359845489918,0.7323171541425445,0.7284739176634212,0.6810876836080859,0.7632171580557037,0.8101963681095353,0.7673943323403118,0.7268797440074238,0.782439758297283,0.7382200138367072,0.7152981648405816,0.8437812731431804,0.7110098666423977,0.8091432813366581,0.7335640410325768,0.6741663925848498,0.7150838946610948,0.7251064868002391,0.7538997651728777
232,0.0,0.0,1.0,0.75,10.0,0.25,0.6509536195590799,0.6667550645158571,0.6945178336740055,0.6382183018110094,0.7194966946760958,0.7231187717224586,0.6480274708949771,0.6599761854072956,0.7509226667481053,0.6352468353121242,0.7085098735374755,0.7236229277810283,0.6298815751054826,0.6227456846196461,0.6708851587541792,0.715911044530865,0.6915785721460316,0.6437143111174257,0.6662414727706533,0.6644599710953267,0.74138596013017
233,0.0,1.0,1.0,0.75,10.0,0.25,0.6517212983242857,0.7232359879368895,0.7079045785513577,0.708719124635528,0.6904380306446396,0.7039919583683719,0.64643459550295,0.7229066885203854,0.7565497742145559,0.7492587954545359,0.6502661050578272,0.675277724627644,0.6879622243104269,0.6525495612066335,0.6354127045169536,0.6599538144075461,0.6719312031591506,0.6221798491734595,0.7368669691114512,0.6777032871923919,0.7387340417090169
234,0.0,0.0,1.0,0.75,10.0,0.5,0.4257996648639769,0.6199976293353275,0.5969494240908912,0.6683612157495687,0.6408482273722218,0.5792246086470554,0.6278184904397919,0.6388017104490797,0.6755487865682251,0.6124513340616959,0.6082619046768597,0.6231549404405551,0.6867430968736914,0.6434943839125825,0.6383837515309558,0.6494372800929101,0.6452626732158624,0.652310095514553,0.6735343045800392,0.6415515907341255,0.6586821632975965
235,0.0,1.0,1.0,0.75,10.0,0.5,0.4260872930173733,0.5784418223753472,0.5807298319219831,0.6631448032208109,0.5914833744551746,0.5892468220940018,0.584445843609405,0.6713001539482429,0.6032841800090131,0.7270749341594422,0.7145344764336898,0.6440590300404545,0.6132626757854809,0.6401335376423162,0.6855315130657175,0.6653979286436236,0.6131645231329801,0.6411836245642455,0.5899342607476615,0.6576517976948655,0.6768738320506471
236,0.0,0.0,1.0,0.75,10.0,0.75,0.42718588648157885,0.6487309692287833,0.6251230892454516,0.6542556468736931,0.6294469821680739,0.65732248207362,0.6091339546924539,0.6347938397349382,0.6526727122855407,0.6593230561690663,0.6838528965807258,0.6728323131301069,0.6807043370736475,0.6755486206839814,0.6132773732691139,0.6525646791216988,0.6511665002352586,0.6396677739589762,0.6282457481510414,0.675701761623605,0.6267226393453283
237,0.0,1.0,1.0,0.75,10.0,0.75,0.4277651830207722,0.651929842989705,0.6245165694435562,0.6447259051989168,0.6398523913087791,0.6830407688768246,0.6303501217281808,0.6317735745717246,0.6566501950542056,0.6632947457634897,0.5912017457259316,0.603343662029632,0.702626640291391,0.7496969527710126,0.6696922172287745,0.6662260665956848,0.6228985733952085,0.6776157926445411,0.6825521710630729,0.6416930319375678,0.675017713729077
238,0.0,0.0,1.0,0.75,10.0,1.0,0.5107937126738364,0.6418088990634968,0.7560825999614715,0.6522591874923276,0.6477073114627305,0.6471070423707086,0.5948935550138047,0.6638503907283717,0.6450557723004796,0.6567082782109303,0.6562914319343842,0.6498186286657974,0.6644893357422534,0.5709433270466933,0.6026060802436805,0.6702425651050333,0.5944279706018426,0.6448256935191897,0.6900146378582452,0.5795433300635432,0.6679683459399015
239,0.0,1.0,1.0,0.75,10.0,1.0,0.5115571887280544,0.6620964611789958,0.6754062361118467,0.6834472653563628,0.6804697733055146,0.6432900758959971,0.6086433729494634,0.602469632710625,0.6960637044123805,0.6537464864827432,0.6083011661320845,0.6574193353213289,0.6729249501662513,0.6230491526348937,0.6596396191122692,0.6138072573488089,0.6552301045191341,0.6931696193108835,0.6681137208660308,0.5989071906677175,0.6122818663249443
240,0.0,0.0,1.0,1.0,0.1,0.01,0.7956818694605494,1.0937994175146815,1.1571840560151425,1.1268176121788627,1.0831683950726099,1.0480264479971768,1.1735558628858205,1.1319002875664308,1.0863949797511587,1.0978430405339275,1.1780187781922613,1.009517033290794,1.1646482995771879,1.148777920295528,1.1993772568586925,1.0784627971209924,1.1176097906907596,1.0740789037430345,1.050263739321938,1.144225132877286,1.0439832425360902
241,0.0,1.0,1.0,1.0,0.1,0.01,0.7962948841337762,1.1211507614393688,1.153265474588715,1.1361305682170864,1.151756380564727,1.240996921538311,1.0592429035999866,1.0466157095914563,1.1804262779972503,1.0065962543014586,1.1299054820073577,1.242329693534614,1.1109535786959608,1.1261122050204717,1.0344264337068652,1.0668996260937995,1.21589486823839,1.100963551864364,1.1236476565289821,1.1332231964816113,1.1233709281608322
242,0.0,0.0,1.0,1.0,0.1,0.1,0.7479342656307232,1.125690467235934,1.1396184155369455,1.1744786104255807,1.1060936226017455,1.0889545221728292,1.155097653393737,1.3341880837873008,1.0638273580517088,0.9449089488506374,1.1814998845725304,1.0401942659922356,1.1466367418101195,1.0522346573091912,1.2551048883645537,1.172122668644771,1.2287784842162024,1.2259145885528815,1.0831546083483565,1.1439568420345896,1.108898788271714
243,0.0,1.0,1.0,1.0,0.1,0.1,0.7480470009592394,1.1688857487783904,1.16778770012741,1.0423911435634385,1.0726905695314382,1.1111180303844732,1.084942305914476,1.0338938285692143,1.0929634822516585,1.1253442604645578,1.212506721609468,1.1996500956160383,1.1173027704688403,1.1043243617914982,1.0122332537277388,1.21417827002244,1.087412944822158,1.0318772893305361,1.0979048863953307,1.091693471829641,1.0194534010902472
244,0.0,0.0,1.0,1.0,0.1,0.25,0.9526521198340022,1.1541986035281089,1.219117317073985,1.0208789933916007,1.242082839205692,1.1062715464530284,1.1860446408972989,1.3321443953182521,1.181503546981834,1.1286021922448717,1.1681187366189718,1.1785719002393304,1.1042457481057926,1.144945823906823,1.1634190898732644,1.2044169587957658,1.0399529066716686,1.088255761487743,1.1298442325066858,1.1441857919720702,1.1028218350643744
245,0.0,1.0,1.0,1.0,0.1,0.25,0.9537701418242819,1.1261423397604884,1.111422222502168,1.27604691834013,1.0965286959007448,1.0957034845368288,1.1530057631885633,1.1006144266482012,1.1489055846160279,1.1194482151219747,1.0971546236571796,1.2831091830952575,1.0987590947520665,1.078834566903315,1.1069915533076515,1.1279432951233723,1.1103972330757421,1.1359900710158013,1.1011054674934149,1.1328393038215938,1.2018818100649156
246,0.0,0.0,1.0,1.0,0.1,0.5,0.8568856072827481,1.190582218494736,1.0864083702246226,1.1797140785644147,1.0511531928968827,1.1355515318570295,1.2578065701129577,0.9393589350943952,1.1729936186337615,1.1414142064451818,1.2418015591764233,1.3435646867607163,1.1265039266113037,1.0826608425806075,1.1573244983471722,1.1547232741080198,1.189558144944183,1.0883822017860272,1.1137843968001413,1.129265846607758,1.0177530486194861
247,0.0,1.0,1.0,1.0,0.1,0.5,0.8567812955875903,1.0857329458015095,1.0560165514042448,1.23782212939714,1.2307712626858556,1.1855413652733442,1.1352964745688296,1.1470493057214441,1.1243038820946263,1.249797238938475,1.1442088478610084,1.1304572432805549,1.076251094534799,1.2025414632974687,1.1149458442788314,1.1271040594620698,1.086401839654393,1.1122513217097927,1.079448467903979,1.17282916397967,1.2251606344098276
248,0.0,0.0,1.0,1.0,0.1,0.75,0.8544275810570312,1.0832738534829187,1.068355403857552,0.9821220818956503,1.25137574278877,1.024687657254516,1.1409972121004892,1.0723175212945,1.030730825375172,1.1012231365446354,1.0540568004796744,1.2180939699645121,1.2014228354511949,1.126484287657215,1.1076052497735833,1.2535209636403546,1.063182631427245,1.0515047932685628,1.1003027262077807,1.1478506673652789,1.1304626210867048
249,0.0,1.0,1.0,1.0,0.1,0.75,0.8549227923248789,1.1306194585831588,1.1230793572330564,1.046046620042275,1.0593711977609215,1.1324574317307807,1.0584208711864855,1.0145318529513556,1.1170518879442652,1.0764649551510244,1.1035951176905656,1.0223496525645392,1.1975498183739413,1.108698366366097,1.0819792466137927,1.2058748528842784,1.152507836322811,1.1144788996291384,1.0819593082146695,1.1741017094507096,1.1352551932520452
250,0.0,0.0,1.0,1.0,0.1,1.0,0.8642653798289878,1.1999560982083461,1.2150155888249115,1.243713208925204,1.3025443777797736,1.130106528544502,1.1837447227701818,1.1174355710940653,1.134043014638804,1.201689662823745,1.112651331207736,1.125730733148547,1.1066330393846582,1.127230217925033,1.2562093697607917,1.1357015795229353,1.2808228681360478,1.138715396595262,1.0589080543745364,1.0335854877287958,1.248050363008662
251,0.0,1.0,1.0,1.0,0.1,1.0,0.8650824741192897,1.245728786941173,1.1280990490938103,1.1135981267906268,1.1390751383451974,1.147614822882737,1.1465793122130254,1.2226861509846076,1.1356540071226338,1.2560245082356702,1.066216274752584,1.2002253406201187,1.1012733657403504,1.1781617698912306,1.200850433636118,1.1004766233993946,1.2187109772340288,1.1448551679416727,1.1306645138141984,1.1829774291865145,1.248584300487172
252,0.0,0.0,1.0,1.0,1.0,0.01,0.7873790428385802,1.2434688886489096,1.0913898929277206,1.1585631428828702,1.0872316763388548,1.2390899156902164,1.1374275736420387,1.1715114802228666,1.2760393254791809,1.1287945186317432,1.1474940456966023,1.0659917102216936,1.0823653932311939,1.0616134565006448,1.1385167473211244,1.1223749807934424,1.1331305231015543,1.0945773608180531,1.138863148117248,1.115532051408239,1.1079419664743266
253,0.0,1.0,1.0,1.0,1.0,0.01,0.7879554355906475,1.054518179863313,1.1480996752421853,1.1474603662724563,1.1690763397463995,1.058274531948181,1.0671350718716421,1.1814113287537191,1.1724048562037732,1.1253712010775585,1.123120435409771,1.1913239873803896,1.0694326980986537,1.1722117330333672,1.1866776708721802,1.1041013323678912,1.1108972944152784,1.1371392047893305,1.1198076810339246,1.0868294218435226,1.1643743935895785
254,0.0,0.0,1.0,1.0,1.0,0.1,0.8975351294036055,1.2388847431739265,1.0616322389693054,1.0525769878063918,1.1508121233429445,1.208867145783593,1.1667605147091258,1.1981597791178884,1.137861004896641,1.1080287068135708,1.074520457941127,1.1645256530204378,1.1778489501006053,1.1624567771273457,1.1636692342217938,1.1037162032846384,1.2685266050467217,1.0845572477055334,1.0885532484145832,1.2007528148529925,1.1538541066985428
255,0.0,1.0,1.0,1.0,1.0,0.1,0.8984271297463287,1.1313858241378563,1.1018663581900776,1.09435473397367,1.1549547348004505,1.148402493090695,1.1036303437041424,1.1278191755264573,1.0626736929253418,1.0494513638895788,1.1230230880089167,1.1570474296342643,1.2157616542172396,1.2448437139072634,1.0502506642110063,1.1462034165547785,1.0481227897052734,1.1404837298080595,1.0338373246032382,1.1916349939557616,1.0103559473618675
256,0.0,0.0,1.0,1.0,1.0,0.25,0.8034139020739889,1.2144201328310191,1.1501582752570252,1.1312018433740239,1.0883451203875554,1.286203380163287,1.2726053602335374,1.1433488519339852,1.1096763118568365,1.0716527976103727,1.064913978064608,1.0499726992059744,1.1350404588824672,1.1136780113475988,1.0713900001035428,1.2392948862013422,1.1983558210270564,1.062518784602764,1.1183304102530187,1.1012824849526317,1.0756528394802558
257,0.0,1.0,1.0,1.0,1.0,0.25,0.8043370927069959,1.0599706206578337,1.0825212246342704,1.1220996069850961,1.1794889695191924,1.214206043895934,1.0699071140155556,1.2050683839000877,1.0578520700224046,1.1252298867875723,1.1871371926326484,1.102759845383567,1.1364037017662927,1.2253118585406682,1.1782245552740687,1.244477726266937,1.1870086465482255,1.0640441888245444,1.1576336821660402,1.1756334545168408,1.0683271258940856
258,0.0,0.0,1.0,1.0,1.0,0.5,0.8910359711098684,1.1182115629525096,1.1935976492063725,1.1093765577788015,0.9982875114267142,1.1150475832514057,1.076029222846469,1.19590484700636,1.2408054909507638,1.1354699011298925,1.1395087914840856,1.2282864169343433,1.1437506792704994,1.2620711324197698,1.1655212917784117,1.087735444542062,1.1518628115455922,1.274199976144749,1.326310944361535,1.1359310572221792,1.147804612639131
259,0.0,1.0,1.0,1.0,1.0,0.5,0.8922285856407618,1.1856756335404364,1.1464908756663867,1.0496868823771017,1.178647602124617,1.2367003804631729,1.1533125318508175,1.1346572830965247,1.1353677375210356,1.1893059778030093,1.0544957937102866,1.2062976743758622,1.1491356313455812,1.1414250206512206,1.2007225778726651,1.0714473318494677,1.0897001381745761,1.2659295082785786,1.2409057661895109,1.2114600735028591,1.111401532530917
260,0.0,0.0,1.0,1.0,1.0,0.75,0.8577055811309472,1.1375184657476265,1.1563461609775767,1.0687641398812637,1.1549832172963577,1.1277528255313487,1.2002636402058204,1.1256655152329207,1.208728593919373,1.1390120777168735,1.1213357264952741,1.0634249252253676,1.1968129971616737,1.0775706996036443,1.1404747650393832,1.1332014748338401,1.0792712267475353,1.083260183800667,0.9935976430035436,1.153396882570791,1.1210208529479284
261,0.0,1.0,1.0,1.0,1.0,0.75,0.8579262105671923,1.0810961631974443,1.0916701367980564,1.0529969521611529,1.237216741992818,0.9574431115204225,1.0867299650157052,1.1992457559281997,1.0989521671893898,1.106862742247687,1.2412622480588,1.0625552551876498,1.05130776951196,1.1025654163173195,1.141290181055409,1.1441001022692217,1.125620481947963,1.2089780989155634,1.2415376506910754,1.1508230133930444,1.0875165256919364
262,0.0,0.0,1.0,1.0,1.0,1.0,0.7286179568059751,1.0545850235544294,1.0697906411535314,1.0138569377940405,1.098534802502583,1.1419486095660825,1.1253185912336434,1.2106798317166951,1.2226684563240326,1.0288082948328168,1.1633057843623813,1.1221545137744633,1.118561271588352,1.1103639413924438,1.0994724638615214,1.17453526482573,1.0859912138291683,1.12288035601811,1.1588145236880143,1.1376585429913402,1.1285197760371564
263,0.0,1.0,1.0,1.0,1.0,1.0,0.729396021774578,1.2299922842035746,1.1576706944532642,1.1108681211468807,1.1402826878792351,1.298152608321517,1.1345438711523577,1.1030354552973776,1.1210851063262541,1.1674171620400506,1.18025884946488,1.1999896485793637,1.1031492388054642,1.0306623898850897,1.1074880734664614,1.1889183222107234,1.1763679423642408,1.2318140170885683,1.0591801241292844,1.0947886739439645,1.1503746519044153
264,0.0,0.0,1.0,1.0,5.0,0.01,0.880575320663807,1.153306359303502,1.2857801790759724,1.10678461870513,1.1244886751933658,1.0703922365872443,1.1935145128341513,1.1822537055741782,1.1318823246109848,1.2575239079303127,1.2055781870422544,1.206224263235776,1.166494260764576,1.2574506470852034,1.213571344690213,1.2969309104645874,1.1063250324148781,1.3113178114793949,1.2757476246727408,1.2410838084427835,1.1488665267749547
265,0.0,1.0,1.0,1.0,5.0,0.01,0.8809946006782317,1.0540419964997254,1.1755804131807506,1.2135140709004826,1.139278955284803,1.1968573288441868,1.2205841700002344,1.1576725124277725,1.1462155242135061,1.1160389576310497,1.079215537693907,1.2095795717623157,1.3452508526936469,1.209417749289926,1.1647099387956013,1.25048869668589,1.1542833194230473,1.1139350122488552,1.1929099013669515,1.1591625386935192,1.2326128512672492
266,0.0,0.0,1.0,1.0,5.0,0.1,1.0228661959761758,1.2206487418834215,1.1973676640669888,1.178380920913515,1.0787396219948615,1.1168882426426157,1.2861138492401332,1.08142903763833,1.1127314461519344,1.0876703803007906,1.1540775075378729,1.1750118671374703,1.1779627595379771,1.1310606743552511,1.1951327322963363,1.158588033370071,1.1843739130094815,1.1776039988596505,1.2252365784453203,1.1985683288178142,1.194057119376225
267,0.0,1.0,1.0,1.0,5.0,0.1,1.02361312519854,1.2509162194010235,1.183188811650435,1.1743379519879444,1.0902485464160527,1.077166799063784,1.150586469595785,1.0303799798834221,1.070853912710101,1.2300037226915839,1.2040679535999255,1.0581046143554964,1.1384400193793005,1.1054917992213389,1.3430617412535795,1.1582823880721738,1.2361217667858597,1.2847391622031947,1.128224146072503,1.1420071294077487,1.2810976804258825
268,0.0,0.0,1.0,1.0,5.0,0.25,0.8191724492179389,1.1127343213964607,1.074760632699482,1.2501643265595692,1.0821441408253654,1.1535833698967946,1.143985915977272,1.0892653749640488,1.1004495943343096,1.0871636675488743,1.211733776609963,1.0831562126294052,1.16479808671108,1.2063938549715267,1.1707821432808925,1.1719186213893087,1.1389369007783874,1.074741041506375,1.209760768200131,1.2049260814057725,1.0491289467190394
269,0.0,1.0,1.0,1.0,5.0,0.25,0.8193902283470916,1.1487987369486472,1.1861677962152757,1.1195424925294333,1.171916819566153,1.140071397818233,1.1104040902957641,1.1573574290767286,0.9914200888846845,1.1141402687579105,1.095013136037873,1.2024120256052406,1.0745857546902293,1.1735344471174842,1.1164629178437073,1.1781616110213664,1.1396029463095494,1.1068248110339918,1.1510385319026986,1.0886615336682437,1.1633998687494576
270,0.0,0.0,1.0,1.0,5.0,0.5,0.9127874137082949,1.253871242306806,1.1995821382879477,1.1024348507721722,1.2002057738896286,1.1940087884910486,1.059619531254741,1.093942934994214,1.14339552929219,1.0914222278365424,1.1527116457113036,1.2599493571960685,1.1821439041795934,1.1097290840404361,1.19963619356614,1.1670740526848102,1.125024819135006,1.1719305539114453,1.099692960114289,1.0011818509317645,1.096047436839951
271,0.0,1.0,1.0,1.0,5.0,0.5,0.9135423596025861,1.1808984534627278,1.117597705364937,1.248334625003692,1.1357631424609036,1.146810729136155,1.2555369710307147,1.1353934263669558,0.9588549189933921,1.2987044515352344,1.0324453651225496,0.9953817062824268,1.184527129752838,1.2004202152102006,1.0974264003799996,1.206689529459989,1.2111052384819416,1.125911903163306,1.1748500764359098,1.1754655100812192,1.1520713949315784
272,0.0,0.0,1.0,1.0,5.0,0.75,0.9099594778895036,1.079394163124462,1.1510760445480077,1.135492406894651,1.0856765206252599,1.1257154682921418,1.1884088500130998,1.1558207574154495,1.2326779819989366,1.1363972292876832,1.1264140207790747,1.1515269580284913,1.1882096960856678,1.2080375077158076,1.061653686984849,0.9685091836077881,1.147671231814396,1.156684601687913,1.1519720818362416,1.199858318694161,1.1804019649158348
273,0.0,1.0,1.0,1.0,5.0,0.75,0.9109134546994614,1.161792297488531,1.2113211949519331,1.1072876466659132,1.1868867031040633,1.167653834659289,1.2184316828026103,1.0929225357100925,1.156692013364363,1.0425878117251484,1.0774313073263637,1.2199699142216978,1.1529330578932935,1.1175407504030441,1.0897566712389266,1.1387827466658658,1.1633196299844795,1.1374950856132142,1.238280288762488,1.2083124923945092,1.2072591356309477
274,0.0,0.0,1.0,1.0,5.0,1.0,0.9500991223135546,1.110629909620443,1.1877998145030502,1.1058889284508653,1.1313102610930565,1.2203732164882468,1.102980121833537,1.187207643148911,1.213219640641637,1.1448003342070423,1.091473871506274,1.1507261641400934,1.114280977579528,1.1092140869576774,1.1661563463038567,1.1427482542485314,1.2202561999692183,1.0832146787525399,1.2476574850033573,1.1844395976334743,1.1542755012176404
275,0.0,1.0,1.0,1.0,5.0,1.0,0.9505596285107875,1.1285006934732442,1.1033875798187294,1.1245156557110516,1.183042614286253,1.0763113261437316,1.2529137423335504,1.0947818248457664,1.2487730889391369,1.2405409717118785,1.1268899822680551,1.1904086547453607,1.1469659202467897,1.1988244142473896,1.2650709558411737,1.175256708827443,1.118487635299426,1.1156821845843075,1.148283743660807,1.203464201377741,1.1381003927777489
276,0.0,0.0,1.0,1.0,10.0,0.01,0.9920587033508141,1.2909892807964651,1.1707909830232741,1.2516583522759717,1.2074054099704274,1.5029125920040867,1.3769680700809193,1.2083506972223321,1.3846674273284012,1.2785200147595852,1.3251062775486804,1.3730860041552104,1.1409627136961191,1.2384743857535938,1.304446520155265,1.3034223280755546,1.2814071776165639,1.312155165223413,1.1952975137240842,1.2866972702303316,1.2697554914254172
277,0.0,1.0,1.0,1.0,10.0,0.01,0.9930815906223305,1.3160087258632251,1.2992139138499914,1.2359618630937939,1.3700566866455328,1.1684612610524088,1.2852358554702772,1.2126356508939384,1.3421491134495291,1.2462455700932318,1.2258197449241597,1.224412889401434,1.1892415127936238,1.305914771811357,1.3406998924473392,1.0807907969239898,1.2430800454898114,1.2107534873726675,1.350696851485208,1.3213983681602328,1.2850923475530074
278,0.0,0.0,1.0,1.0,10.0,0.1,0.857449640528017,1.1399436489880683,1.2216813746269661,1.1605831305040502,1.207461073300943,1.2742480312194653,1.2318296384904166,1.2313470234525254,1.1941116851591338,1.2541709966307335,1.286869907594763,1.2681977757953606,1.2880676522556784,1.219403828412019,1.1580953240203469,1.1335718032560043,1.1808007165356604,1.2209197801250204,1.2232878362276405,1.2627337747467506,1.1666898279017321
279,0.0,1.0,1.0,1.0,10.0,0.1,0.8576174465593085,1.2059539982604628,1.1948765309570426,1.3322362689804632,1.1204049566410799,1.3765270567308268,1.0711566020273113,1.2480203707661581,1.1647761370520224,1.1269791303513763,1.1004880694649497,1.1240069613955663,1.2612750857634418,1.289408892026368,1.1808982441152045,1.2265168861654516,1.3023673688787158,1.2453974822718137,1.2406509567506312,1.293677904533223,1.2171669513685641
280,0.0,0.0,1.0,1.0,10.0,0.25,0.9193383377351806,1.195428797652678,1.2634266221003985,1.1244484898483773,1.208373236076675,1.0557375635652428,1.2396499015786582,1.120389122177291,1.2676813435057828,1.1754902861800438,1.1938009835356536,1.1750122209817506,1.2983458671443864,1.165712422264434,1.2100349031543862,1.198558777029292,1.298374763108658,1.105378391562609,1.134429476582141,1.192607896058076,1.1706456147295035
281,0.0,1.0,1.0,1.0,10.0,0.25,0.9199058832791659,1.168365544541018,1.1034656091705533,1.2224163512905983,1.2174403819979898,1.1262757816198674,1.2037241331198014,1.216480762963095,1.1199528610437737,1.2102707851172245,1.1605948625610683,1.1827011496611417,0.9921843245130698,1.2387240999751425,1.115626673498524,1.2464961241381882,1.1503929864371851,1.1100508393292738,1.183668303150713,1.1046387462609129,1.1477994312371746
282,0.0,0.0,1.0,1.0,10.0,0.5,0.7454876054300684,1.2748198109530642,1.1499784622740332,1.1809962963251956,1.2227370136622515,1.2297239832980287,1.1872876588471861,1.2700336743066798,1.2189563932619523,1.146634981040862,1.2050864520942723,1.2350365394859217,1.1240067876545787,1.0522706817333982,1.2117730289842106,1.196265547106599,1.2559579068963476,1.279766326200302,1.1372370112272259,1.1545779679844845,1.1817069918750884
283,0.0,1.0,1.0,1.0,10.0,0.5,0.7464853968758783,1.1867688087359636,1.1837757798595538,1.2950058373123985,1.225611832535931,1.200371648762024,1.148114641545649,1.1881132647112245,1.3082320373340974,1.2546648443856785,1.2432133557483684,1.2665945912446595,1.19692077070679,1.2347922422518929,1.1240280553132136,1.1475846199395974,1.1171795889238043,1.256566265975586,1.2674764714992068,1.2481321532450314,1.0780160323513681
284,0.0,0.0,1.0,1.0,10.0,0.75,0.8267677318000984,1.1282924647839068,1.2109754904666865,1.2473503787366702,1.200643733367789,1.122530874089062,1.0942949824346302,1.182700654012769,0.9911710000506735,1.1302601657395732,1.1742283979168824,1.170177682614811,1.1593495130188436,1.1158524019080835,1.1535765063155525,1.122104823366488,1.1664750064157794,1.0766455692289758,1.0604157630440485,1.0886210667829834,1.245508383279854
285,0.0,1.0,1.0,1.0,10.0,0.75,0.8272733164016605,1.26032249946114,1.133757769389181,1.121916925354998,1.189473826977629,1.1016183283151268,1.1090818457276101,0.9898510555995556,1.0819518040302505,1.22492589423771,1.2366641689544202,1.1884985997349835,1.135813096170157,1.1205866302417768,1.1991360145367045,1.1578330661831577,1.1192349653708622,1.074927527605245,1.2092999749565656,1.0827950891553937,1.1363380886996721
286,0.0,0.0,1.0,1.0,10.0,1.0,0.8759987811908175,1.1023108416294678,1.1306022549811054,1.217006587551546,1.1067208215889544,1.0930047149202788,1.1842903172328538,1.0730342735139322,1.2397117163000195,1.010973388160633,1.197365912807014,1.211711408580117,1.1845639703002213,1.0881792322238066,1.2283109896486113,1.1748309229163323,1.1262076092991486,1.0621872397646035,1.2039836830019293,1.1102650864196857,1.240480479846758
287,0.0,1.0,1.0,1.0,10.0,1.0,0.8760581007884164,1.2609964634230746,1.0618057263931648,1.175647038493191,1.1010421832147494,1.1837310114509587,1.2070344972456928,1.2692453907355292,1.1318619565794779,1.1624789119875016,1.1394204084348323,1.1518617670074378,1.214306364289094,1.076447140111673,1.1919356597393576,1.1062174392356021,1.097251431992987,1.017714623765084,1.1773685180340827,1.080848874850323,1.1746510016744995
288,0.0,0.0,1.0,2.0,0.1,0.01,3.245467213180561,4.2530933605669965,4.627664628826295,4.512910667494752,4.737357556737693,4.183477439637007,4.565638577600456,4.434483116655301,4.67569124930284,4.393354451236191,4.349984381853137,4.741632861846235,4.46910107376935,4.54937698963885,4.884924883377105,4.150811979990588,4.429876159998117,4.580723632089233,4.502140911673734,4.49970339448485,4.421054570861263
289,0.0,1.0,1.0,2.0,0.1,0.01,3.2456798780369214,4.301141590385188,4.674147652124012,4.878091961896092,4.687892397552431,4.6255910916238685,4.497927580946384,4.583017841176124,4.40262632819923,4.485006775800968,4.52833017072485,4.733006926598284,4.666911902029812,4.326457524516494,4.462607090139352,4.373087571869241,4.067362263997647,4.438576358892939,4.698447190916524,4.320051400888678,4.316955418164484
290,0.0,0.0,1.0,2.0,0.1,0.1,3.1108832886011024,4.533464090572842,4.428086004066385,4.291392478120404,4.337385877841099,4.237437404914455,4.476009093475183,4.796175852229804,4.600906045675928,4.365316581152482,4.2737050717271625,4.456829742673504,3.9280417394846925,4.522547022356867,3.983919092604942,5.007116196306987,4.022182877055338,4.150228043333968,4.571211652587634,4.208299238542805,4.266090102393657
291,0.0,1.0,1.0,2.0,0.1,0.1,3.113253115627238,4.423210865586646,4.577026994476207,4.0403844520910175,4.104892594821909,4.768000640701002,4.466062739727499,4.24415798101621,4.819608728576404,4.718169469456197,4.784902854720045,4.428658741803185,4.285646294782801,4.735789873784806,4.3119866162550196,4.507658771356447,4.335067183029951,3.9391317238215464,4.97217965837585,4.824640955716892,4.997078783225133
292,0.0,0.0,1.0,2.0,0.1,0.25,3.316918496575821,4.867777325401227,4.353322179089877,4.4762719602334995,4.708655274458544,4.692463942260832,4.52407422670897,5.102595104044464,4.461823557323206,4.678680077531989,4.977512514003666,4.4169804578689185,4.886502984131727,4.4942317302390205,4.512307866013814,4.559810768528644,4.415522789568092,4.442541248347872,4.4647478532581095,4.3368487993883,4.402637320668937
293,0.0,1.0,1.0,2.0,0.1,0.25,3.3186013392117615,4.605002802306405,4.422362139456244,5.174395490790491,4.283551339907719,4.6248565386823755,4.634241024676536,4.473391657618616,4.370903125662025,4.972605868353434,4.003636495864771,4.49936845091301,4.5401023355990135,4.3008789257204345,4.599708024376152,4.36719885291527,4.353962549002273,4.523406241606424,4.307434494380149,4.332177841433114,4.154232221326727
294,0.0,0.0,1.0,2.0,0.1,0.5,3.4142542841098025,4.720354872938537,4.421370865684154,4.673132698947142,4.812134237721438,4.9679612003830425,4.427111541170816,4.697719135350781,4.438109908615636,4.822809071000684,5.2602957078904335,4.7083099436888745,4.890161706215951,4.39453048125223,4.049019185152038,4.73882314379102,4.623167545570326,4.033050194865842,4.209738631438185,4.928617424874889,4.537996776836568
295,0.0,1.0,1.0,2.0,0.1,0.5,3.417735628756556,4.1558786928349285,4.865451114279912,4.2925192673513735,4.453344306223142,4.643745365974031,4.967332864166731,4.557763005134948,4.965973723773904,4.4131565705276845,4.881824748146079,4.690303329452007,4.272802683065054,4.63267129058301,4.894929543333979,4.675978709656579,4.750632932797685,4.50603635267015,4.779239059379855,4.676556763979121,4.863564059116526
296,0.0,0.0,1.0,2.0,0.1,0.75,3.531251604300519,4.10235472593277,4.204313440874648,5.036977883077876,4.686692485880063,4.5804874674763445,4.330793235243366,4.662293602557508,4.519749971338829,4.418106001126499,4.771922021930422,4.366585989411622,5.369176757713799,4.497501786973266,5.099960863280673,4.358525886393507,4.910828186126029,4.354686861493518,4.807024169158525,4.721546252394314,4.5980381053630754
297,0.0,1.0,1.0,2.0,0.1,0.75,3.535160112525824,4.660429736129449,4.271280908745202,5.00369866474389,4.518890915658245,5.045288995586289,4.312367140244135,4.64369591863911,4.689835925104503,4.78911391964812,4.602666772471745,4.469578215194483,4.509206527506573,4.483571683853292,4.751381912075626,4.04200345332451,4.325151563733551,4.412244649428711,4.552645436376461,4.573312431151808,4.710331672017975
298,0.0,0.0,1.0,2.0,0.1,1.0,3.139545398011964,4.2590620610028065,4.888514230788541,4.642146011069327,4.908970953086227,4.401539160461099,4.1071556685327595,4.626364169844084,4.71897963092362,4.150825854971939,4.518263100818149,4.777423140181111,4.970823717160638,4.595871023713467,4.371556728451231,4.7173152055709275,4.32127189324428,4.290136814899869,4.636892558799681,5.228174528963536,4.575577729817857
299,0.0,1.0,1.0,2.0,0.1,1.0,3.141425256631268,4.7077853417234055,4.9103328413025995,4.968623917014213,4.217411231049095,4.817005161841026,3.9420006229820457,4.810306423762657,4.198773667958189,4.518839401912665,4.782380324947199,4.202308483336427,4.398679947335598,4.344637639997762,4.363093624414759,4.08479304703191,4.795563547409694,4.681028229469125,4.625097163934929,4.447124485124856,4.224906682990964
300,0.0,0.0,1.0,2.0,1.0,0.01,3.2067255228395135,4.554497722521857,4.412259475005448,4.389475767031852,4.197812005477565,4.313618995072063,4.554549041330486,4.392518489385847,4.252456107085223,4.908961031133233,4.536106397745888,4.4363182006335915,4.195350852339681,4.564432261306626,4.743782258276715,4.392654966272388,4.605854357079364,4.179947536952733,4.241261778048237,4.898775504539077,4.3534001369468465
301,0.0,1.0,1.0,2.0,1.0,0.01,3.208659673135804,4.378277820703065,4.495876633576449,4.406348836743591,4.856666071229409,4.788754299949762,4.323795498905055,4.85306207585004,4.61821447907478,4.309224511953857,4.181502921352054,4.1490764370169915,4.93269170794356,4.412624772781193,4.7741472590888385,4.88775067341794,4.632034674712769,4.381135893158699,4.305384990002541,4.464481328012014,5.257267867014754
302,0.0,0.0,1.0,2.0,1.0,0.1,3.932032841835849,5.095246261565469,4.338410735290612,4.782653251310133,4.436553867772635,4.479509857394597,4.323427322103849,4.064378897666739,4.439276271014245,4.836253709851563,5.186088558272968,4.435745243232968,4.7092392701469805,4.592708758212169,4.953147464401329,4.25093012667812,4.674939784613533,4.797545986011569,5.061981723203434,4.862333440052987,4.552251598026978
303,0.0,1.0,1.0,2.0,1.0,0.1,3.9320386330777763,4.703037539303304,4.65403177298632,4.494130679586851,4.5257222787566675,4.76318200817312,4.594182138795553,4.66131805169771,4.0175640596011,4.759087091021991,4.541274877701466,4.568891378893384,4.54180180900334,4.399493176711438,4.987652667571434,4.227137693702972,4.560122107337139,4.841130104097288,4.716897204010302,4.911887792836646,4.474718694441143
304,0.0,0.0,1.0,2.0,1.0,0.25,3.4246912073153535,4.72059370430354,4.225392993714527,4.363221823135786,4.555276496386017,4.513089097429597,4.730691414275153,4.323753841774638,4.947060362739143,4.599035673602061,4.237737755280712,4.62248256827252,4.56781655702544,4.598480996417974,5.204856834857599,4.497053476112006,4.896804955177574,5.06242862275996,4.740939526322478,4.744003331954159,4.655752423160474
305,0.0,1.0,1.0,2.0,1.0,0.25,3.427820769560375,4.360321129932397,4.556479666447326,4.489421938598501,4.330844889656566,4.243471565770728,4.332286075184583,4.769427834235876,4.667856768796442,4.2370644459092235,4.508764029640231,4.841847895562789,4.487842849016511,4.475098161472897,4.34508352063777,4.741746139299417,3.89518038946646,4.646215148678921,4.4983268357939785,4.224983837014515,4.526209638149962
306,0.0,0.0,1.0,2.0,1.0,0.5,3.5881557137638382,4.292559139694117,4.545784964588445,4.221762798603428,4.910003567824883,4.093654878788268,4.359162641777152,4.813810183932269,4.112964678537451,4.780180214109575,4.419107093993638,4.690472505690853,4.455185925081874,4.417580927713184,4.535573719936233,4.5765014742905,4.56539469277597,4.223958842629767,4.934609533314383,4.594764514968073,4.1349455229665795
307,0.0,1.0,1.0,2.0,1.0,0.5,3.5915418563327983,4.498977599517857,4.468092225964751,4.508201458781625,4.530689253731865,4.533068845528259,4.604168758390751,4.645470111412904,4.527064700210131,4.759617713815596,4.688870648728753,4.667627859640696,4.8008404273918535,4.544957611705103,4.364629125953697,4.317638612113353,4.472496543318854,4.604217706498157,4.380533443835199,4.319617584503371,4.486799883448641
308,0.0,0.0,1.0,2.0,1.0,0.75,3.2316658296029863,4.315133778302124,4.670619187988505,4.08404026448202,4.571816605968692,4.897281041598913,4.942111913202797,4.171788121030561,4.418188276637117,4.6822153941638645,4.677562374074221,4.445015303828031,4.276020720154128,4.373642372836017,4.909449341031544,4.434585014861572,4.47332559268736,4.570748878915544,4.679609672718024,4.562406814236054,4.980343801596653
309,0.0,1.0,1.0,2.0,1.0,0.75,3.2344060343387553,4.156311548477563,4.957228777115368,4.389723936646016,4.685108845174326,4.6945252053850925,5.002361045154258,4.467806161222339,4.4765294706277174,4.629970169547141,4.872051253077685,4.329197826328525,4.606573481241743,4.667201918920844,4.442377035850344,4.290059375849911,4.403695723989806,4.77099420664533,4.676654611177299,4.392746987252818,4.759947562732685
310,0.0,0.0,1.0,2.0,1.0,1.0,3.3501268341468595,4.56103619046542,4.66829147229239,4.59972569512755,4.807084380821857,4.892230597606221,4.689753307862105,4.415389772748547,4.727376162003282,4.454225105450724,4.254362870514302,4.734837386355005,4.170589404967802,4.235683341515734,4.277820594186265,4.437902001252839,4.413885555674364,4.5064695266810855,4.552260359521078,4.168626337229517,4.332233279632353
311,0.0,1.0,1.0,2.0,1.0,1.0,3.3517433263246383,4.354166072391435,4.630065057772095,4.562216020578903,4.450808871361308,4.696441927964869,4.650294763341403,4.429261803501671,4.12154272226294,4.9322925158182604,4.650450694825827,4.573426117213001,4.34657649355843,4.305585534221328,4.527909978696483,4.094713067426291,4.288106907393909,4.379139750401494,4.635182470607418,4.521840419386138,4.521777134985578
312,0.0,0.0,1.0,2.0,5.0,0.01,3.5523199864416326,4.652579340635288,4.259069383942844,4.32925522657283,4.4746501912054475,4.2309373386863856,4.433355729669089,4.633573716426741,4.607817990213925,4.45305059158875,4.8829723780015035,4.176418808624484,4.293480743529381,4.770745198488341,4.259078478609174,4.959802921821251,4.093388488582699,4.796606937534445,4.620787865134432,3.993635854225935,4.724322148303757
313,0.0,1.0,1.0,2.0,5.0,0.01,3.5547709190385386,4.698021935998221,4.858332012933259,4.4610040110657705,4.389294778417144,4.381812049318559,4.125202450307867,4.34740823198289,4.718193096797826,5.139647209114244,3.95041035550949,4.2843179670373805,4.393029291969226,4.336633748755847,4.577590331043235,4.58839570078563,4.844642373572423,4.339744584254542,5.114329199405026,4.7991746987723145,4.579381319581043
314,0.0,0.0,1.0,2.0,5.0,0.1,3.1455668460647654,4.732338707700449,4.45498913947647,4.356172301153291,4.727200012030447,4.666799933416759,4.02018817364173,4.494733643273866,4.4524901975323665,4.4779853164345385,4.197916646493392,4.671461981182242,4.707711536545819,5.098602289791399,4.915174280108692,4.351382641220105,4.395668075192714,4.11573863869901,4.246018917511554,4.435709185471769,4.233374652674461
315,0.0,1.0,1.0,2.0,5.0,0.1,3.1484830416184297,4.336129819084995,4.605733283983452,4.194263087751171,4.440815110865315,4.419761721624004,4.518948735254408,4.87769843108781,4.021165359577,4.360198516414176,5.07136151350409,4.488794173978676,4.780878073772201,4.405844374300897,4.625044114190857,4.821149479728051,4.261408179311601,4.554941411919014,4.7207130485555675,5.1422319043837135,4.418653343232038
316,0.0,0.0,1.0,2.0,5.0,0.25,3.4211398843068164,4.988095402871728,4.942145107480093,4.7996990974062825,4.6413869025021,4.621134539125678,4.915310689070722,4.473291657134683,4.619714403268573,4.762072330524878,4.484778608577163,4.586615252162996,4.476773802325638,5.095791571090403,4.4188662635793525,3.9297265539375177,4.219326370867053,4.8180156263490375,4.165396020617689,4.466091489081373,5.02716938074208
317,0.0,1.0,1.0,2.0,5.0,0.25,3.42375620204329,4.730479801792801,4.494522299932856,4.148880056288273,4.7876230972139,3.9692350646100456,4.604429333368221,4.699024075705592,4.766293771458283,4.232568700662488,4.381107503991744,4.130380997209817,4.494163317200866,4.666246101988999,4.274385617870696,5.06655606791818,4.240104326244966,4.493242122096768,4.51861700959484,4.730610330840318,4.922788429922697
318,0.0,0.0,1.0,2.0,5.0,0.5,3.34873276781562,4.4688747468001155,5.025368092306654,4.623609674959255,4.3551211017200275,4.52700594517034,4.744780053237029,4.733628464473556,4.496131254234462,4.5060345470584515,4.261635936624346,4.6502947925187925,4.395308758303886,4.3621956018297325,4.182076460150097,4.425790287963016,4.189156479207403,4.331924466782368,4.3595208295605135,4.86123583319546,4.604709524366973
319,0.0,1.0,1.0,2.0,5.0,0.5,3.3503639640620633,4.240791588548092,4.344552522868009,4.621495476515319,4.100476046805633,4.393976969640572,4.070288326960925,4.338259436633032,4.266120827079812,4.400466580843029,4.397394766386894,4.52734052037446,4.201407775502447,4.442585563158788,4.657088241636571,4.161796238081078,4.226461735025461,4.9048809531118245,5.110341781830335,4.650201044977988,4.871788058833014
320,0.0,0.0,1.0,2.0,5.0,0.75,3.1815909772867528,4.087516165814357,4.683678624676021,4.44781831050091,4.2732629179671155,4.3372159533700305,4.5035210371832415,4.473592569280386,4.509569147253896,4.495335693361678,4.368268417675907,4.2018420472228755,4.431728025261363,4.722113815507188,4.01333352245993,4.777319029667317,4.533077725287897,4.345116176389137,4.636932334097338,3.9927475406208686,4.338541629390375
321,0.0,1.0,1.0,2.0,5.0,0.75,3.1846858116447447,4.809954450910856,4.115747129113006,4.631710455497038,4.580555045435882,4.726991074670157,4.010489895601538,4.088208623616386,4.584613903780186,4.319956210824149,4.68824690077087,4.790379144873161,4.433325648889109,4.046723268140576,4.3758251029577035,4.590419856564069,4.455975750923208,4.832175901504657,4.411889759671979,4.255960437720379,4.183310380787305
322,0.0,0.0,1.0,2.0,5.0,1.0,3.4777532908547655,4.011637322197379,4.4100423911677895,4.700942677332218,4.5493620855208645,4.336939637220635,4.516331025913679,4.895149235329075,5.056022930952592,4.3977424470182065,4.47408028650152,4.33896634907377,4.0593842657269885,4.585859919199971,4.424696408313145,4.893968261655014,4.1292493455222266,4.128049712464692,4.587222210372506,4.4845352005507815,4.355710443254296
323,0.0,1.0,1.0,2.0,5.0,1.0,3.4809846483784597,4.304673760673644,4.112246685285438,4.189406568748466,4.577791981801459,4.630560904791923,4.201869441194627,4.6907261164068705,4.4147517924407875,4.970078759296476,4.7105040648943435,4.516242785488783,4.1430115492277135,4.754723252937889,4.6124644501234675,4.578663204082807,4.928633392171926,4.194422349550188,4.664339823971596,4.6716676702582,4.641138611325594
324,0.0,0.0,1.0,2.0,10.0,0.01,3.10807421877171,4.238707978064152,4.88437494148217,4.720379953779819,4.4807412276136604,5.338752150531372,4.799349935150134,4.7274316762760575,4.7047877679251835,4.513759899973273,4.512301413931598,4.842454902869429,4.725840741750959,4.409331958346109,4.828919785761442,4.808646626056453,3.985149012808822,4.572633022401703,4.772518776794789,4.5974551141497,5.072236537484001
325,0.0,1.0,1.0,2.0,10.0,0.01,3.1114227688079104,4.608369654763202,4.954316270040272,4.674965878590548,4.739648756174866,4.472113597293451,4.993265658360072,4.13681377875438,4.581676808758551,4.513415026648736,3.9044556762588707,4.8520117952432855,4.862441233690434,4.858232205724221,4.878039210200722,4.929735338143804,4.552778671820397,4.27916336025503,4.5824940694936505,4.509713375352778,4.455212718350458
326,0.0,0.0,1.0,2.0,10.0,0.1,3.8429205217600626,4.580838399942713,4.444187528581392,4.595087188829456,4.693613920342444,3.9965952393205,4.58750169688376,5.03319365349571,4.547115333328728,4.952678576286912,4.32134684747046,4.617027743990673,4.537739436703729,4.90987455614413,4.641394047377865,4.429219067620784,5.016326468204623,4.591846609957356,4.344296656472791,4.3412746047886355,4.690370515031672
327,0.0,1.0,1.0,2.0,10.0,0.1,3.845547297927618,4.3556679225373465,4.540871954964452,4.847507581183205,4.702548257618147,4.435753408813884,4.92809188752306,4.244286313265505,4.529319602881155,4.316879158882815,4.874593340439962,5.346371857212607,4.532772811053276,4.4423805323410015,4.426284242141403,4.625356151633599,4.673818080973219,4.2073064696177065,4.643206045649932,5.0538011643917535,5.031936784941417
328,0.0,0.0,1.0,2.0,10.0,0.25,3.1367251458539047,3.984267827863268,4.548848017609065,4.517615889178549,4.678313904516852,4.317854268809729,4.700303638236794,3.7370718601438786,5.104623112618124,4.522444913790688,4.226609550427864,4.6891042329702595,4.792280732903525,4.862030643654787,4.947483004524125,4.753689198353834,4.474554884343011,4.519768910606876,4.498719383707107,4.28057910436082,4.296677315783396
329,0.0,1.0,1.0,2.0,10.0,0.25,3.1398829924469265,4.5325104868009145,4.1997976662154874,4.240824615227268,4.858786757982361,4.537292798290846,4.405346712924901,4.188263037063634,4.894599932630583,4.413562033906182,4.404371946720946,4.739431780613519,4.12926324004131,4.42112931303371,4.923938218462023,4.5754396266510335,4.582862841931744,4.5476256075297075,4.82393172035951,4.300421866609908,4.434011903945961
330,0.0,0.0,1.0,2.0,10.0,0.5,3.5322838098682623,4.434814041244559,4.669089322601184,4.33148544411015,4.028487121210877,4.41817262562521,4.85605530052327,4.113930830272321,4.464007884893258,4.61814067752748,4.845196691177114,4.460999624439947,4.433141810792755,4.3617412336566925,4.445448658565877,4.773996169977197,4.215824868211335,4.760384828356336,4.384360411018031,4.450362306986321,4.384513922381993
331,0.0,1.0,1.0,2.0,10.0,0.5,3.534456222543001,4.521488246310293,4.892265896777931,3.943651974006696,4.443148127265964,4.090252825237646,4.025842625960449,4.543164698787882,4.340997461818918,4.169375227491341,4.396238812681642,4.732666914047733,4.123955792981336,4.180106998242513,4.30849035020774,4.305740036011932,4.211081937387642,4.7993392049123225,4.4918348370114405,4.181631735995598,4.800438484474325
332,0.0,0.0,1.0,2.0,10.0,0.75,3.208749259875312,4.100186371068728,4.700186415947666,4.336798335262626,4.9544462683960795,4.276748458541595,4.8342597624864485,4.492359156719446,4.667357256498919,4.568832291827197,4.704032051667717,4.489934999453659,4.469688002038099,4.479897421948971,4.314309561634397,4.07297146765882,4.830956406431667,4.434636502292006,4.784015920394585,4.876117847557734,4.602474949361099
333,0.0,1.0,1.0,2.0,10.0,0.75,3.2096322603391214,4.476687228606282,4.593476102873769,4.464667008382127,4.73135929046638,4.286815690013328,4.653291750056186,4.09803508737204,4.339206363817058,4.217716063613827,4.218923209024808,3.937663726068755,4.426123755595807,4.427557269779029,4.3968773567702435,4.103222505182188,4.334960673546826,4.303892107408176,4.41545637944913,4.819714735744419,4.368342134896809
334,0.0,0.0,1.0,2.0,10.0,1.0,3.474435950467024,4.125464493762995,4.526043330879968,4.228614609493286,5.028633801521819,4.739488801708455,4.580493580039134,4.445304841138197,4.542188888312597,4.124262150620843,3.8045309786739208,4.6842593079982695,4.730908966480365,4.63104943565688,4.150447175861291,4.492418026116994,4.630927530137533,4.552007216113654,4.700111013817889,4.294226628389742,4.236885691697765
335,0.0,1.0,1.0,2.0,10.0,1.0,3.475775813660119,4.610729629813966,5.146766140778031,4.567788162510787,4.3454344190650485,4.651138393398025,4.454576376014425,4.111097296568415,4.617306643813229,4.652016236939477,4.937674311349951,4.249560549449534,4.37680653586711,4.322940587436767,4.345214725413022,4.452206455389537,4.237940806217224,5.042997442891461,4.570827099254327,4.657961610507222,4.334763897377499
336,0.0,0.0,1.0,10.0,0.1,0.01,84.72965949909712,105.2096182440544,111.7195792054612,113.047705337049,110.70102190437498,114.87652596148415,127.5485874002336,116.31444464315274,116.2317052308768,109.93870359317981,117.92498487842633,109.37493500970348,109.88919936305052,107.20246675121868,105.3547669029659,116.44923607581228,116.59675965337223,118.49926585225498,105.22641508325339,122.16315333922799,113.86666660228936
337,0.0,1.0,1.0,10.0,0.1,0.01,84.82283409569807,111.54002962900033,118.0840727674568,107.76181792951958,118.39592342112763,117.45360729572238,120.83360466832157,124.64161630185619,130.19507808850847,109.131113088301,121.10769440875502,129.42215789176188,126.97757192880388,114.37762081464837,115.3924161909536,106.65742371521341,121.35904233193679,109.06331305260309,123.50340820439239,117.07127960419571,117.71374408869632
338,0.0,0.0,1.0,10.0,0.1,0.1,84.34481741186185,115.48800926325713,121.04660209440594,113.4881062169156,107.37266444906746,114.03419557209818,110.32239886100103,103.16444858710952,119.2452108864128,113.65781129175481,121.0864525259586,109.39562940635231,121.54318077744534,102.41037269558039,118.98039363560548,117.31634159620425,108.80864880108791,124.65387795008752,109.6686617031665,109.7204565635318,114.62607116380069
339,0.0,1.0,1.0,10.0,0.1,0.1,84.37441559938684,116.63801352165183,102.59453664486142,109.66219184265783,112.9114762985213,116.7159980355385,120.85626815160904,122.12223099261472,112.96024308611152,106.16415437198738,123.82491306831797,113.41511017265047,120.74558713225899,105.08452034827087,110.41441814230144,121.30885212857926,109.47792257162584,107.92343039035462,107.21080769630782,107.93781447977582,108.79865604632148
340,0.0,0.0,1.0,10.0,0.1,0.25,80.03647448093291,121.4918118271864,117.46636226777011,109.25940552984858,115.09468603694809,116.5386482237843,103.85811299786002,108.27686833583033,110.88614995134331,121.02511213362243,116.14931958964236,109.67900049480062,120.94859120835257,110.07157878725198,115.25464230049765,125.97116124924624,112.91108149358026,121.47108823824506,126.81163224825126,109.0465350021522,119.44485273361704
341,0.0,1.0,1.0,10.0,0.1,0.25,80.08790941867021,106.3332198808481,108.26137706945059,129.29669291184652,111.48917358434396,123.85302035379112,107.90883408198427,102.31976133331128,119.33401067986861,107.90007697425908,119.75859106596685,117.88779638653664,113.55816541918598,119.05260928724766,106.17736324273159,103.0017967029779,119.04736305837352,112.10919388133293,120.91863932949207,117.95648678597158,109.19305725965623
342,0.0,0.0,1.0,10.0,0.1,0.5,85.99447726992717,122.51701563882983,114.3594373305026,125.10083462857483,115.79226300999373,112.63055830302618,121.91895946145206,116.04483141444358,121.54220677667372,131.69411833820197,118.76098475624754,110.62601712101139,112.7140593641871,109.14269301479605,117.12372784049026,121.57708015833883,118.46359254504456,113.80478195553664,117.01382768520955,101.93039024033521,117.7544543339537
343,0.0,1.0,1.0,10.0,0.1,0.5,86.05604141775002,114.73913871417723,113.88997177621815,105.54372113753601,110.74818383035831,111.28458607968898,120.59007474318375,119.74014107516301,110.68584647797462,117.42940916040277,123.17483338619708,118.97348211780083,122.82753616173002,113.98809678776028,110.45738178097065,117.74926875505892,127.41886011725587,119.86365384527534,113.03719354471518,111.03568277782249,122.75863983381116
344,0.0,0.0,1.0,10.0,0.1,0.75,78.5067798045897,107.66298040656876,119.40665151560437,111.47384596361877,113.87781140076464,109.07150306462196,112.5701846578556,113.44480150989762,120.2076221038796,116.49066810447788,114.5507290010426,118.38688316061506,112.31127818316138,106.52906364416745,115.72899596636304,114.55940833876716,112.4648548387341,119.63053073941062,110.56236264291378,122.09637781236366,115.78946623586505
345,0.0,1.0,1.0,10.0,0.1,0.75,78.56450145324166,123.02517338180803,105.8793665228069,129.39195577712437,115.74479749472565,115.66908332656634,116.04569606007331,116.50246295741833,109.62725859238091,118.02665679001929,107.2949344278848,118.36840174912726,108.57274637445936,107.23331642450404,131.076504078549,102.55990853732584,112.26871205842131,120.0045490451001,116.9014587296234,124.2554357544916,111.15378863127152
346,0.0,0.0,1.0,10.0,0.1,1.0,86.73564877729886,123.48596060689128,110.56957510117334,108.67584571608158,110.36210335832465,110.90710858592904,123.2068293433827,100.6995120761136,103.42707147458741,115.15414620482233,114.29309842859406,107.69184720941806,120.53296983498261,119.57159989868472,126.79372790937059,108.05344600194928,121.57904919013232,110.89406040923575,114.47111817426642,109.97030976337818,109.52487700429748
347,0.0,1.0,1.0,10.0,0.1,1.0,86.82604176801445,113.56986890434833,119.46649428778868,96.94500495398302,129.61543109680628,115.29599596410077,112.90890313383603,107.8775478465012,113.78828750602703,114.39549046155452,105.95975800011266,108.61264925003762,115.01873411363468,132.89885512337497,123.17776152098959,117.45701525720742,113.31105091406698,117.53397563847254,114.97883785861936,100.14322905095679,126.64853813715719
348,0.0,0.0,1.0,10.0,1.0,0.01,94.1498329904283,104.48327597241281,118.195901891814,110.6646713749998,117.96612035939661,117.76736741742216,119.6923667856395,118.01426335233249,110.66568575635795,125.15226956488299,111.0536769966321,115.88751165702324,113.2687689539345,101.52871660188902,117.07680977936275,120.88772143201457,112.56615446696598,112.7841038398659,96.59396731026459,113.568087504572,114.93631668908112
349,0.0,1.0,1.0,10.0,1.0,0.01,94.2146367745634,108.97680000458898,122.96030543765379,119.3836314213973,110.18530807681454,112.71307775310187,111.09652511669867,120.17497435465832,119.26006651948008,107.61032196550188,116.54568593338709,112.7165714611582,117.1601300788535,103.63933745196022,112.46986414081496,113.89445943375803,113.83896777736885,114.74360596787973,104.96050615455908,111.38730088455756,121.3177420769215
350,0.0,0.0,1.0,10.0,1.0,0.1,76.29848769338774,115.86052702095206,119.90830540238458,106.50941963325933,110.51285478715916,127.52710865466297,120.43789031528351,112.33193731033084,119.63813118606392,112.1664366970383,113.55377890385547,118.15496204658477,120.52625148257134,110.80022257113022,118.77369081106328,115.91122122606859,99.25853216790252,106.26631885451002,110.18511209933231,118.6904843388325,110.97168999642996
351,0.0,1.0,1.0,10.0,1.0,0.1,76.37119770144443,115.07099529393628,123.31618377907513,105.25084519382305,110.86597345591721,119.49433181096597,119.4927412797703,107.5208906699793,116.73916183687113,109.64866144886743,114.00619017848,112.60417248014349,121.80270989550561,120.42788760071127,112.06911827788043,108.07251731361846,118.08805199406173,127.4770842319688,104.90526078953154,105.65069620865995,101.04813632329258
352,0.0,0.0,1.0,10.0,1.0,0.25,91.1643838652683,106.4366401303782,123.30038768596815,103.8912046041016,122.26741138786522,110.3938046593104,108.12949241070687,123.60539532509921,109.08969425291247,107.30447162218167,113.19197661774363,112.93322504483065,120.80885331640414,120.70899803551323,107.33852511332931,118.55137793996259,108.90862002844038,117.94322716951696,119.0550327721613,116.18773140347052,115.03269756377712
353,0.0,1.0,1.0,10.0,1.0,0.25,91.257963322132,112.6716253105888,116.56769342517609,112.93811761583532,117.88390119845182,110.7590157533707,120.75081907829615,115.14053363327335,108.84423158886726,115.28337098367791,115.03017563376976,126.59135798937362,113.25787108951054,112.47190698775881,126.30055028532414,98.56007144917787,106.18051592057948,117.09694423432262,110.74010815653493,117.82824954342418,122.05634024348699
354,0.0,0.0,1.0,10.0,1.0,0.5,86.38101777948653,101.64663533506777,117.24739120824975,108.83707108537509,112.21301359171675,119.86690553235002,101.74472619255457,112.56602110316642,110.93467838979652,121.82541924516862,111.41221485806042,112.12933910033554,118.56155971278329,104.95641384679955,114.75076764820008,127.01261830402413,113.6129674294248,116.95176213309827,116.17807690024068,117.03518013015767,120.91499263350244
355,0.0,1.0,1.0,10.0,1.0,0.5,86.43717641273895,118.07672639664747,115.4077893191394,108.57400074640738,109.58455252550212,120.14602053131635,110.95928555226294,104.08341982216523,126.15061049430892,118.80394462497607,120.80905050691443,108.3291667326787,120.5339795412893,107.63511487184428,102.59615353379205,114.44385874634865,108.7969033119435,123.06527527086129,108.0578701253012,112.21572605521939,105.06469492674618
356,0.0,0.0,1.0,10.0,1.0,0.75,86.817232294268,110.34784729728779,115.80663835322787,112.41271398818213,104.79880776908354,105.10482889858528,124.28818728041165,112.27615764063788,117.62405926041566,115.4910027512677,110.06180789894933,112.41357151915217,106.44634966200795,117.90803592825762,104.11518292542144,110.39691851868093,111.85184680348546,113.55845450991211,107.80614976634556,109.11701377785748,114.32491247019549
357,0.0,1.0,1.0,10.0,1.0,0.75,86.83006494044385,112.5154215369725,118.1096061182328,109.01245743220947,117.42598430956485,117.31018083674505,112.89258319630946,94.62022256141186,108.32232445756505,115.96198733805026,120.79648878603682,125.07646268421428,113.02849444713816,113.54022519911997,115.41198451271697,116.2313409393,116.92444666583957,110.03612858946458,135.4321680839443,119.51761435806674,118.5352544395827
358,0.0,0.0,1.0,10.0,1.0,1.0,77.32968776015849,122.41042728959361,116.02650032460183,111.0615188677188,114.18314430051399,109.20849275478022,121.65886186195851,104.00676318742212,114.10858014320802,111.42721068030122,115.88936232850189,120.2631072400941,117.00184305604158,113.93898151927951,112.83108183904653,113.59138211227372,118.60482834546427,118.51087799862178,104.46414531068206,110.71326387387256,127.50280022167102
359,0.0,1.0,1.0,10.0,1.0,1.0,77.40611430092915,122.64847544230828,109.33865735205633,97.74331677905629,116.326305382885,116.45874489326451,109.06173717485957,116.55193628845034,104.82122941301964,114.889060815403,118.41790724118613,110.46869752357874,121.44439257184723,117.31582938702046,120.9701840411881,107.36094663764494,115.05947289575907,118.52256165962271,120.2421803737975,120.47752308742855,115.64583890324319
360,0.0,0.0,1.0,10.0,5.0,0.01,84.67690271442116,121.19596522247693,107.44118787458405,115.99923580701933,114.40919322990344,103.94656303340172,121.21240915100363,105.94974253328667,105.9613697644021,126.34855191999944,106.17951934917767,124.14071207127128,115.33132648623398,114.63649612039987,115.30047879405734,110.29399838006985,117.41142706252735,109.59574193796695,115.77837229679552,108.6426249652743,117.15079871772518
361,0.0,1.0,1.0,10.0,5.0,0.01,84.76681257912446,109.63017226022482,115.08783168960466,118.58638335324055,115.99979722557622,114.49715634774233,122.37683159400687,115.02283913016154,116.61027257339053,107.00511497876616,119.23880544067572,108.53629689152362,117.51317458699664,105.84516132234187,107.3811815186467,113.08017849096316,127.26510775370556,125.17066716463717,125.87170967948079,103.40499204319742,125.86045722728161
362,0.0,0.0,1.0,10.0,5.0,0.1,104.05635064498227,109.83238435936435,103.15101437308802,112.08458099671057,123.71674081468468,116.40106927485373,112.50155135812005,108.66197714596905,119.31303521620976,114.67935177190337,116.75175829113839,110.53758363319544,99.93766305129782,122.08494636745455,110.64218466015053,103.82481542055785,123.20285744069994,111.85879244715949,126.61268730822557,116.35278271552846,115.07955649044611
363,0.0,1.0,1.0,10.0,5.0,0.1,104.14878153095843,123.24816416783577,114.49828180137351,112.94976224157627,105.12300480932386,125.17935963019505,113.62792264602683,109.51018237499807,115.25639293412394,109.70959339952874,115.49761918063665,119.61306169642536,107.77691765170546,107.64633040364836,118.36255768814998,110.3586203811422,107.94593958836384,126.18434889558051,111.40741134002491,108.8096263889961,103.57983458460612
364,0.0,0.0,1.0,10.0,5.0,0.25,88.8690146135785,110.92479893918345,124.56849547945852,108.92233355090092,110.24873213104448,124.73719440993136,115.99159946176475,112.45765568226615,116.95204169511764,116.29574147104206,109.16818493775096,96.22170593250772,111.49399140756412,106.96197358876367,114.79666246100278,115.63524434988986,105.73214404610958,116.57914067020549,116.17000835296272,108.6750302103327,107.57305501829718
365,0.0,1.0,1.0,10.0,5.0,0.25,88.89850954878987,109.90039807824739,120.60090388774069,108.24632056111088,109.18382977947262,107.08687682615928,112.93949559518921,117.29427044319212,116.36029310906282,108.12746769776766,98.57440944560373,102.96971449811151,105.82619953345944,110.6620023618802,115.88372068656636,110.24345301751895,109.00572965330339,119.58680140016955,105.57697818506435,131.87522660487966,110.5459604361483
366,0.0,0.0,1.0,10.0,5.0,0.5,92.33885274293968,102.49621440471007,116.06579974899175,116.0652426508103,112.01300784628768,112.97984620245923,115.40051312031359,103.12911090884182,111.18210653239228,115.15740849247105,111.60808751560182,117.17106369822852,110.262398045049,107.58605351136113,109.91959541410951,122.13886601252239,113.04795437060687,117.98802563789668,118.18205966306915,112.78880098228356,119.27955299065306
367,0.0,1.0,1.0,10.0,5.0,0.5,92.43541773510526,117.82313107973272,111.4516600685644,105.59630503692802,107.11629104879007,121.42088280310568,115.71772111375118,105.42514658230992,105.7102393197377,106.9421660401417,102.65338087627157,118.76422332295226,110.45393461454915,109.32641600158912,107.03458832109806,117.9985378420468,105.22062524685705,102.91731625975261,115.90298577601895,102.25726187420145,106.77300034718904
368,0.0,0.0,1.0,10.0,5.0,0.75,82.3687758175299,115.53268085215676,109.37728219724013,108.75026888400973,109.35459092390742,106.39540043764435,113.77545559988758,108.66798556097143,111.46297909904362,120.58938702630815,116.49163568970016,122.83723287991941,110.71498628531234,129.11847481102055,117.39126023763025,105.37107366964528,113.34124585956651,108.86377139676537,115.29512866965668,114.23144645962712,110.32355269166783
369,0.0,1.0,1.0,10.0,5.0,0.75,82.43800538328105,118.6158856804762,116.81541012521579,115.11337014550003,117.9685839622209,112.82438573541492,126.09588877609185,113.88769080299419,116.29182117878888,115.18058655053834,116.68116388292842,106.68553825000647,120.5024340789854,113.71522080972656,107.29606513860952,123.21708775412014,104.00382595837239,125.52087046051444,121.52535769672564,113.7693716100735,123.28986251707012
370,0.0,0.0,1.0,10.0,5.0,1.0,76.45617650822295,106.74485842911261,111.18484953391389,113.45664114252878,99.98069303272399,107.01306500938205,121.07957364601577,100.8352721222303,125.5866974844491,118.91886503046213,118.1129742920915,111.51700323261153,107.76544669057861,116.06212771330429,106.16289676629212,109.76780528742992,114.56314201868517,113.72732857773777,119.44236817715401,119.95574357348978,121.5168163752553
371,0.0,1.0,1.0,10.0,5.0,1.0,76.5563671773044,113.63753844477884,96.46704283760018,108.14830026895744,105.07234840565151,113.12198763525755,108.8568638237996,117.94166882923844,107.21160039889813,110.71861481521805,119.84050905055012,105.58942358625154,105.71163871098855,114.60089939715554,115.58517021145711,115.50733588021747,110.91250410511496,116.00263937059874,107.4644210662944,122.47588651699066,112.40203681588633
372,0.0,0.0,1.0,10.0,10.0,0.01,79.911906907239,119.85600784027882,112.40381722956751,110.40071273748208,107.66597724448852,113.98325971580203,104.79872204327737,121.34077277856467,110.99244684061699,120.94648627562695,111.4768717701904,112.85322909962646,108.71070259555154,110.26759349852857,106.38766554827168,108.54040364100318,111.46672394534016,103.56468742311594,114.48828189891819,115.93527263854997,114.6924279133554
373,0.0,1.0,1.0,10.0,10.0,0.01,79.92525632345564,112.07097536801427,119.69577778565206,113.99079207185446,106.71206884215395,112.765683715647,112.52908206794886,126.27475374092835,116.98216804231969,119.71852476845768,110.56489120697803,102.43665792175703,113.09250493129016,116.25546493757066,106.89493568558316,114.85682174697051,117.51568869279058,115.29333076702257,111.77353068713295,119.12367145847173,116.00621322690644
374,0.0,0.0,1.0,10.0,10.0,0.1,79.37856487091415,111.38745062986882,112.21013959528864,109.36616531966907,117.3799498143558,110.51278102926375,112.60910385288766,113.72247035393787,115.68900822876886,110.11996260396263,114.04681445513833,123.26304452338351,106.44050340269825,113.51948456130103,111.06439572112266,128.92643520011316,99.84953991799819,120.86847987111481,102.73445398640702,108.85337418664275,104.02141309235347
375,0.0,1.0,1.0,10.0,10.0,0.1,79.4168861929506,121.17580513966931,106.9759703829078,116.46914264074555,117.86892014990158,108.77379450577051,109.53573034084623,115.6144083261719,115.46711049863892,116.44138205506103,104.23482366827352,125.40899368279241,112.8722979776963,116.45787633229725,110.34878814656037,119.47344060569112,107.46019903560311,110.68463773947359,113.46078897891766,120.4263914412465,119.94174947020028
376,0.0,0.0,1.0,10.0,10.0,0.25,90.43290229486573,106.95247970746826,124.3976568990306,109.54797873664654,103.92104654574472,112.16160704236091,117.3851911799436,114.72925570349761,108.12112563225335,111.58311321375864,121.44177052548393,110.0177545784933,118.29952078310382,107.7295391137781,114.03500908612158,120.64481238750345,105.71172169320499,115.7526805753287,118.45386428524228,116.45696346095079,116.75831092133322
377,0.0,1.0,1.0,10.0,10.0,0.25,90.5284628493031,116.20033571863084,129.53558866280926,110.86029600274038,114.9289347165823,116.24239615178313,105.83523848173502,106.48151819555154,115.57547177879806,107.1478753190096,114.61422315051024,117.06367812765274,115.70625895700343,114.81609229637873,113.07948638048244,123.42956197758811,99.89448370398442,108.41613838425509,113.31654216383714,108.67510332881247,119.66098702810201
378,0.0,0.0,1.0,10.0,10.0,0.5,83.68812193907655,114.13416456038561,112.87041791825776,109.4032825165337,122.71253758035947,122.14277306362449,106.61613273863651,119.0091565543125,111.89471082020553,111.59100484653476,120.03237617589059,131.9148484079639,120.94223406103333,114.22448547883484,115.15907206509443,122.12583072543111,106.01955755288631,116.95721823558388,123.33372631037328,108.6647288503221,107.28293464367302
379,0.0,1.0,1.0,10.0,10.0,0.5,83.76117203017354,123.70459852641474,129.52342167497278,111.98826851134964,117.77328245704263,118.4941916250341,114.34852264208573,112.87590991738891,111.81024880987663,123.49164885885126,109.85413122094441,123.41671183276279,129.2394749494744,115.23037952256124,118.43188797903994,123.96616541439427,121.96118487970145,107.63541420465822,123.00469607473465,117.63069130190583,117.06245661593022
380,0.0,0.0,1.0,10.0,10.0,0.75,90.97553698853338,122.32085766797783,121.62856646046454,110.05005345904804,107.43816755566426,109.98249165593549,115.77935549834969,117.04423862826023,115.01601898618368,114.56844802648833,118.65246463743243,116.40317353241342,108.92101309295744,116.80882923646057,119.03093433044099,114.92726009713078,117.25307602299287,105.55804803540192,115.54760319282222,106.20652582429759,110.395035340842
381,0.0,1.0,1.0,10.0,10.0,0.75,91.0246922440018,110.34463664844553,111.12708164757314,115.03707036818568,114.73890407042074,117.52442706844244,113.71089191765459,117.04273206043474,109.51735246834312,114.05953333525441,116.82111760019178,115.43431792384959,119.37259988265438,117.50206283432809,108.82047634443107,112.43224842640537,103.38214392407048,112.97642794523611,105.79915009931896,109.19729123577429,113.6308982229801
382,0.0,0.0,1.0,10.0,10.0,1.0,77.84835941566864,111.90949149729359,127.04577655214321,114.79913769729006,124.05810989721974,117.60125321607241,119.26979030165462,113.98288773986323,112.14696991932658,121.68828172962621,115.99316069318792,108.49836359131793,108.87495353613323,119.31596202152734,107.6956908931137,113.56419481249726,106.26017921428736,108.50193623410769,123.4819524869435,111.27104105313553,120.44318187879777
383,0.0,1.0,1.0,10.0,10.0,1.0,77.85308500749537,109.29235364030258,115.03072818381158,114.12712133874814,111.55287753170352,113.14268736504228,104.18064663143575,108.88573790337497,130.12410907039387,100.78999527463343,114.48502957875957,104.90631419867312,108.6431176333641,117.94268204787411,108.76521402554278,115.45252637229476,111.12604678719698,109.33005119814794,115.93813506916422,106.2658470299344,102.00173575398864
384,0.0,0.0,2.0,0.01,0.1,0.01,7.850371887855804e-05,0.00011585187421564489,0.00011074228049606234,0.00010802472139897667,0.00011668998767969706,0.00012357871827892332,0.00011181403385586176,0.0001246407278794213,0.0001216136606817252,0.00011495513786448162,0.00012109134312705026,0.00010996497058458036,0.0001192511762272738,0.00012283816657728648,0.00011628839991723252,0.00012721178706718054,0.0001194510864223644,0.00012100705585166996,0.00010349445808303661,0.00012199918122576232,0.00010917147118662944
385,0.0,1.0,2.0,0.01,0.1,0.01,7.85110636300529e-05,0.00012256799289845182,0.00011810635497622448,0.00011613073907098552,0.00011654407568098688,0.0001217644271763779,0.00011033476308761369,0.00011391878897076788,0.0001156280080824625,0.00011669269864965266,0.0001168177351601837,0.00010844911754471997,0.00011475153919462931,0.00011717410063296008,0.00011380213317131074,0.00010546698635434417,0.00011397487408100074,0.00010759370936156365,0.00011957501950418771,0.00010504308894763428,0.00011802996199260707
386,0.0,0.0,2.0,0.01,0.1,0.1,9.271826188638624e-05,0.00011057370451829537,0.00011929646744041617,0.00012046678379711469,0.0001174734379323044,0.0001094437543046725,0.00010317707605579944,0.00010985714248156678,0.00011421007747040933,0.00010800157748613018,0.0001034716527195872,0.00010947722845189238,0.00012436423695311736,0.0001185549068457865,0.00011779388494979319,0.00011325775723566949,0.00011264386815214728,0.00010948180680936556,0.00011284602329482727,0.00012281368789881402,0.00012127324308204043
387,0.0,1.0,2.0,0.01,0.1,0.1,9.272422523957677e-05,0.00011024924333421886,0.00011526770314175762,0.00011205324310845355,0.00012278101459312903,0.00011748380597841686,0.00011114529929253228,0.00011497630633893441,0.00011198536249938746,0.00011228758466768114,0.00011597904021556724,0.00011819903975730099,0.00010694813021219978,0.00011319666640934769,0.0001049860418999582,0.0001270203461146442,0.00011144638684257686,0.00011045570005016185,0.00011186120101540566,0.00010763502954119193,0.0001272194403669573
388,0.0,0.0,2.0,0.01,0.1,0.25,8.029506481218524e-05,9.687028562492658e-05,0.00011263367035232177,0.00010912011426707902,0.00011002663448959848,9.718749835298785e-05,0.00010598057049161802,0.00010445330820474487,0.00010894019927715531,0.00010515506582212422,0.00011032574725937596,0.0001132260159183379,0.00010859377720199301,0.00010782197498804136,0.0001109516119786039,0.00010100974142626947,0.00010946289653913697,0.00011159254656075362,0.00011365705741846404,0.00010989413842248523,0.0001034553432073074
389,0.0,1.0,2.0,0.01,0.1,0.25,8.032540055885192e-05,0.0001110246649741299,0.00011265876672591655,0.0001042745216354119,0.00010726602884039639,9.695583000746676e-05,0.00011922831784475032,0.00010707723930914714,0.0001041327804893938,0.0001023925419126545,0.00011381913669100432,0.00010928898923038028,9.687293501809714e-05,0.00010228620057532221,0.00010550342431501094,0.00011345478264131448,0.00012402897479619392,0.0001118286907673067,0.00010679316023656533,0.00010045980097989418,0.00011197188885417549
390,0.0,0.0,2.0,0.01,0.1,0.5,7.445275055271454e-05,0.00010672485309746191,0.0001047822345871714,0.0001072301745433778,0.00011393205475889827,0.00010356732035817183,0.0001089772105207224,0.00010327553092996484,0.00011208299720485695,0.00011369861322276396,0.00010220817061503822,0.00010585294331435327,0.00010384387812221641,9.710382256707155e-05,0.00010007691867125046,0.00010918728052044297,0.00011836546069587797,0.00011056055132371494,0.0001063209184359241,0.00010140930794481062,0.0001073400438855409
391,0.0,1.0,2.0,0.01,0.1,0.5,7.45149712417248e-05,0.00010305174511309031,0.0001035364048525191,0.00010429126475073282,0.00010346582929973334,0.00010025795375237832,0.00011570972787078642,0.00010579196804437195,9.76307121703937e-05,0.00010426163637309,0.00011550261425896693,0.00010424035645442124,0.00011805781199148002,0.00010470883410061071,0.00011898457044250459,0.00010571950066824873,0.00011247409118453992,0.00010743039274570474,0.00010555627225229138,0.0001043559695354995,0.0001034731686602115
392,0.0,0.0,2.0,0.01,0.1,0.75,7.592036220748993e-05,0.00010992590405250824,0.00010795810527901974,0.00011141182477651994,0.00010463477860754014,9.960411391916077e-05,9.798436113147409e-05,0.00010085405668240965,0.00010458794165394951,0.00010337818454619771,9.977809382017876e-05,0.00011665017926529555,0.00011934863063473613,9.794300393053903e-05,0.00010986129059231425,0.00010617880229228966,0.00010856517281097509,0.00010176970214485905,0.00011638316505208359,0.00010119254849546787,9.015109852041699e-05
393,0.0,1.0,2.0,0.01,0.1,0.75,7.5943203297345e-05,0.00010851114299426734,9.656224211057825e-05,0.0001054510592984248,9.82167904628571e-05,0.00010661801315117567,9.961764619315642e-05,0.00010398557988685659,0.00010007087859092385,9.923572498816992e-05,0.00010061552024566934,9.496203178263394e-05,0.00010673172853545633,0.000111083306458625,0.00011422868136966322,0.00010615287120141453,0.00010527499176898909,0.00011051175756889218,0.00011064728531558962,0.00010395771573146695,0.00010427986136953856
394,0.0,0.0,2.0,0.01,0.1,1.0,7.37996827098493e-05,9.373816121516699e-05,0.00010907771291519133,9.585013222608154e-05,0.00010667706938185812,0.00010717033137646585,0.0001068421580005746,0.00010837295238965519,0.00010323364901982412,9.376662006267876e-05,9.832585402513138e-05,0.00010818956285246619,0.00010404705220859039,0.0001157129861234671,0.00010996723761562755,0.00010044961473148861,0.00010055398386793803,9.993636799276647e-05,0.0001040661115466261,0.00010786718193999785,0.00010820998510788282
395,0.0,1.0,2.0,0.01,0.1,1.0,7.382906382672766e-05,0.00010580542294194433,0.00011456924790703172,9.879992627352851e-05,0.00011442849755635333,0.00010146825989242054,0.00010332111077781092,9.437188678832537e-05,9.686903132784908e-05,9.64312050330608e-05,0.00010965911447579904,0.00010404165356502614,0.00010689114976943401,9.707275816801801e-05,0.00010731040183515754,0.0001092801404050944,0.00010360264600060791,0.00011368389213082444,0.00011339005127863315,0.00010056868056135058,0.0001058378588453833
396,0.0,0.0,2.0,0.01,1.0,0.01,0.0012511316688937218,0.0012945375716321415,0.0013471406887196628,0.0013000463589252366,0.0012645829652132977,0.0012545503710620276,0.0012974259708623567,0.0012694891927614639,0.001285431492096132,0.001274859083723608,0.0012884720135121106,0.0012659074783882742,0.0012302794046572046,0.00129235916116714,0.001259919123313181,0.0012337811671120395,0.0012812278792209118,0.0012800472523492891,0.0013314387568712175,0.0012719661975543744,0.0012520206734418918
397,0.0,1.0,2.0,0.01,1.0,0.01,0.0012509511530243004,0.0013099005220119852,0.0012513067943954628,0.0012934910448679222,0.0012752027901203633,0.00129650388700901,0.0012495243644631787,0.0012532479711291373,0.0012558991461401746,0.0012926353305402001,0.0012754346475223263,0.0012740514131620027,0.0012688237375251584,0.001331366800532634,0.0013263712013000762,0.0012309691599815906,0.0013184991381266012,0.001273786555910687,0.001264720150410994,0.0012822980438520284,0.0012497838020362848
398,0.0,0.0,2.0,0.01,1.0,0.1,0.0008728530260862984,0.0008633533520117031,0.0008595972026096078,0.0008525522629968846,0.0008592926913682513,0.0008458465671212352,0.0008654596962945272,0.0008527715504706032,0.0008787779359992159,0.0008447936614535616,0.0008582051842410891,0.0008656362557952985,0.0008486733206777291,0.0008931674640999159,0.0008302192865424365,0.0008545988624512987,0.0008199042926290446,0.0008771802984744959,0.0008629705680179449,0.0008336337292476156,0.0008155347305421007
399,0.0,1.0,2.0,0.01,1.0,0.1,0.0008734829421516757,0.0008599819375465003,0.0008646839057492645,0.0008583664720219275,0.0008650177203271869,0.0008269798043150473,0.0008306137652217881,0.0008526598853886068,0.000866713715790226,0.0008591388059906493,0.0008754772315215358,0.000841514624833883,0.0008540099010292457,0.000870204071746791,0.0008187082912456348,0.0008647371013131988,0.0008766313289220023,0.0008547598873981301,0.0008484599258997847,0.0008517518855864627,0.0008659265923115694
400,0.0,0.0,2.0,0.01,1.0,0.25,0.00039898734262377945,0.0004680046162015559,0.000445104160322935,0.000453271308773584,0.00044586390303636987,0.00044247077837149273,0.00046755618128609653,0.00045128383952593474,0.00046680177377581266,0.0004467682070545031,0.00046692409853834216,0.00043487435668244494,0.00046526044787111384,0.0004560658609862346,0.00044981360366510816,0.0004519682943922489,0.0004474506735471667,0.0004413078696921767,0.0004450192854166492,0.0004494731979879159,0.00046013137323934564
401,0.0,1.0,2.0,0.01,1.0,0.25,0.00039904269943151906,0.0004426011228996811,0.00045251080005650584,0.00044734928203922573,0.00044956871491791324,0.0004484966964805679,0.0004238091540264089,0.00043229907460061,0.00046542950983747763,0.00042895108222246447,0.0004273175758566566,0.00046437768246213604,0.0004388148994926646,0.0004429821244269105,0.0004579893786555915,0.00047292072107540603,0.0004402863631926763,0.00044316832108540715,0.0004540721754353495,0.00046841547358029387,0.00046751437222234077
402,0.0,0.0,2.0,0.01,1.0,0.5,0.00016459385702068433,0.00019989960745360756,0.00019595321327205546,0.00022037879287604216,0.0001869428017580026,0.0002118765422694122,0.0002175186551686328,0.00020762920224316178,0.0001938354472533784,0.00019712731948652844,0.00020915794478281428,0.00020228632529472977,0.00018597708984978886,0.00017555417519068598,0.00019998198963572358,0.00019863838455194558,0.0002015390153850622,0.0001938626600561622,0.00019770180168401306,0.00020321045910713837,0.00019944045775342406
403,0.0,1.0,2.0,0.01,1.0,0.5,0.00016444998618890219,0.00021177041826384607,0.00018443195725642193,0.00021484840472781857,0.00018059340156085095,0.00021723976084868742,0.00020975061793243997,0.00019657241147403264,0.0001938971139675195,0.00018223956616750847,0.00023058184795025,0.00018568761669953234,0.00022530154268751213,0.00019973668221023841,0.0002131957368294513,0.00020059156141072877,0.0001877335444724543,0.00021258263359465608,0.00021376051057918683,0.00018512981476431723,0.00021054327771020986
404,0.0,0.0,2.0,0.01,1.0,0.75,0.00010608330295052952,0.00012879055784990455,0.00013485089465349077,0.00012881472286482577,0.0001344473272126374,0.00013570800330719193,0.00013699738542251457,0.00013958092330192647,0.0001383443610428033,0.00014740832325113075,0.0001365543674634601,0.0001267699419451741,0.00013533575851952266,0.00014665508560282147,0.00013379059504380796,0.00013017274589151504,0.00012876434356897705,0.000133164508093296,0.00013731089307054392,0.00012635733556145358,0.00014377366940221447
405,0.0,1.0,2.0,0.01,1.0,0.75,0.00010609275518448209,0.00014587663159301633,0.00012166052593154064,0.00013731134666206804,0.00012566837085650398,0.0001282318171321691,0.0001322694278874596,0.0001321395456750601,0.00013330918661032864,0.00012554511601744106,0.00012611194840047,0.00013969324605035815,0.00012918168811081428,0.00013297766336748431,0.00013309027233286566,0.0001282371727225224,0.0001379825144923622,0.000140123333171208,0.00012427892258215064,0.0001263394479382166,0.00013804353347787873
406,0.0,0.0,2.0,0.01,1.0,1.0,9.232673051456568e-05,0.00010529080938986832,0.00011299898370908026,0.00011406067466680374,0.00010659610762089071,0.00011360392459916342,0.00010639335192760615,0.00010816513546730857,0.00011117588655596871,0.00011071190048562536,0.00012498628161028693,0.0001112333093855166,0.00010474652132268103,0.00012018858633421,0.0001084486628014391,0.00011028739375486996,0.00010521479753332853,0.00011171768016693069,0.00012242536316628853,0.0001128057630338219,0.00011992315526598647
407,0.0,1.0,2.0,0.01,1.0,1.0,9.238914935459882e-05,0.0001139187912262162,0.00011519466067498919,0.00011236454290401636,0.00012180043529780921,0.00012100489424166967,0.0001139250251468269,9.961206278923966e-05,0.00011113506725750577,0.00012481340866476093,0.00011336035271036687,0.0001112087193164131,0.00010896805286782838,0.0001133437730326164,0.00010995637668016327,0.00011554037843144306,0.00010724504799900765,0.00011792360965984732,0.00010066113013925559,0.0001082939121996906,0.00011213579650105612
408,0.0,0.0,2.0,0.01,5.0,0.01,0.029308636579012948,0.029282173331180855,0.029189722381903392,0.0293192441600277,0.029394269760641623,0.029147457334347496,0.028902959981574793,0.02917080590650565,0.02899362681325107,0.029210932118586486,0.02928431044937134,0.029037376570067646,0.029120829930859453,0.029304153732986664,0.029128658534513602,0.02936380046289239,0.029276638642654753,0.029011973468569933,0.0293276665485533,0.029260771865263276,0.029218987929727627
409,0.0,1.0,2.0,0.01,5.0,0.01,0.029329999433077545,0.029237039754027284,0.029048192492247688,0.029217719063705933,0.02915665849558632,0.029342586126608238,0.028999877740667826,0.029257634242682986,0.029339836655196155,0.029455688959705923,0.028994536675368693,0.029078794356387345,0.02924239387457817,0.02891549354143923,0.0293876178212533,0.02921745700280501,0.029267877733775663,0.029557907310814927,0.02928696041593142,0.0294475470994881,0.029158514132898994
410,0.0,0.0,2.0,0.01,5.0,0.1,0.01883003204411109,0.018906938371347538,0.018831111439330434,0.01869380240804648,0.018841863742301176,0.018784294196944266,0.018851900750047047,0.018925454747934948,0.018574258169315287,0.018973944250119217,0.018849117287317356,0.018953266133166596,0.018876205930177366,0.01886238683285922,0.018820756879698523,0.018713259590656377,0.018658316571247873,0.01876012630332408,0.01874071432984926,0.018693417594429804,0.01885498253372254
411,0.0,1.0,2.0,0.01,5.0,0.1,0.018830098986520417,0.01888791334622912,0.018805186949023146,0.01876322891818314,0.018736245241247784,0.018714667012843363,0.018835069376179105,0.018729268600307283,0.018912118994654527,0.018927584731948825,0.018656915643550785,0.018768891696483665,0.01879982943232831,0.018935292548026585,0.018747573182235355,0.01895635412216129,0.018810178759542332,0.018665614433366586,0.018873441633317292,0.018665679357005614,0.018819803188669774
412,0.0,0.0,2.0,0.01,5.0,0.25,0.008674000242727227,0.008763276651052589,0.00865686908140285,0.008725873990541878,0.008863822993459397,0.008832306805695663,0.008740273647603684,0.008654235836346637,0.008728195750252072,0.00867956826466539,0.00857776840582477,0.008802225235252925,0.008773279801082489,0.00886831015654348,0.008800608478255202,0.008686800887624267,0.008690058776707343,0.008708277244671055,0.008797753141773992,0.008839856877621398,0.008686488839398671
413,0.0,1.0,2.0,0.01,5.0,0.25,0.00868398393852209,0.008705194109779681,0.00867438262676062,0.00857824021828562,0.008626765113856549,0.008722838547153262,0.008742370442224744,0.008811177931801991,0.00873576831210494,0.008752605212955691,0.008650862926544661,0.008713084971929694,0.008791635984766935,0.008774793377985111,0.0086405026966073,0.008678859503345062,0.008729069492998088,0.008771100023761545,0.008772668095780563,0.008672826183267247,0.008746445466842103
414,0.0,0.0,2.0,0.01,5.0,0.5,0.002581872784856212,0.0025979955770531428,0.0026069758945910636,0.002620412180235732,0.002580831735982626,0.0025607121190321437,0.0025949910059773445,0.002615908282872143,0.00262649108467917,0.002640975041190469,0.002637566798263459,0.002603881420928232,0.002691416762502829,0.002634231176196821,0.002652481935375434,0.0025964098643107745,0.002706599450449215,0.0025856498739795938,0.002632333039610138,0.002558834817488132,0.0026270665205449
415,0.0,1.0,2.0,0.01,5.0,0.5,0.002581071219767213,0.002639526560097637,0.0025789805850072746,0.0026169099627499,0.002715230349058107,0.0026122729608063972,0.002600964432699601,0.0026066529323904596,0.0025656279127067544,0.00261580091584525,0.002684405166380313,0.0025641657027711154,0.0026585028472024996,0.002556418604521618,0.002589160236001844,0.0025800071187176954,0.0026607742917269957,0.0026142905796658587,0.0025626478858510934,0.0026511372007441613,0.0025835032819586734
416,0.0,0.0,2.0,0.01,5.0,0.75,0.0007951326548810962,0.0008451038121729102,0.000842803189517863,0.0008023983760408381,0.0008324342561868328,0.0008637711020936267,0.0008242564714643102,0.0008597380147889576,0.000834549635724704,0.0008240498447649411,0.0008406034382418333,0.0008268969605488255,0.0008909649442242504,0.0008350004674317729,0.0008510536054224033,0.0008131766117659099,0.000839557609339753,0.0008490589021164178,0.0008523906172160995,0.0008306291412254961,0.0008189340515136795
417,0.0,1.0,2.0,0.01,5.0,0.75,0.0007954869413871992,0.0008203401312455995,0.0008441554609518343,0.0008525947315963169,0.000833401181234007,0.0008381369764681676,0.0008177858100069094,0.000857760283008526,0.0008272877119387905,0.0008429776232530802,0.0008481578685205161,0.0008578503228209528,0.0008460065730541531,0.0008517885416538258,0.0008120845523417813,0.0008324385443116281,0.0008389035101381522,0.0008364366453091119,0.0008359131558847308,0.0008608218467352359,0.0007909605259873997
418,0.0,0.0,2.0,0.01,5.0,1.0,0.00028455692999335174,0.00031026856480103417,0.00029002086565565143,0.00030916195931957036,0.0003543329873358545,0.0002965943546881345,0.0003029423631564971,0.00029652936611281267,0.000299423847038874,0.00030612595288170434,0.0003192345006283789,0.0002972776674552694,0.0003382310321743849,0.0003099286570403916,0.0003236568451379961,0.00031105622336438177,0.0003089214607936468,0.00031696319891108646,0.0003000147018853536,0.00029881139733208836,0.00028080391336037403
419,0.0,1.0,2.0,0.01,5.0,1.0,0.00028502329623332647,0.0003235894711044309,0.0002901261774913775,0.0003376689495116772,0.0003122806101099491,0.0003081486819731505,0.0003134126748338064,0.0003382926704959179,0.0003096102691700142,0.0003146672182274918,0.000319531312144097,0.00029483285008997815,0.0003248949462812073,0.0003176433565781484,0.0003221262251388797,0.0003046648434929878,0.00032719147139810523,0.000309554182633166,0.0003273566592327167,0.0002831801219983255,0.0003201659852360562
420,0.0,0.0,2.0,0.01,10.0,0.01,0.11680601091224321,0.11701681674983233,0.11749854146115302,0.11733881941069424,0.11707855071659529,0.1167627905285641,0.117202091837597,0.11728250263501395,0.11681201797882226,0.11684311172916073,0.11717529754929105,0.11695158135429108,0.117355451845458,0.11665924348427623,0.11692469541638761,0.11719389544009032,0.11654469444737527,0.1169043639458318,0.1167474333710667,0.1168039455198691,0.1174005444927534
421,0.0,1.0,2.0,0.01,10.0,0.01,0.11683875341796852,0.11707436212528516,0.11731189256955223,0.11707193949265854,0.1175126753281519,0.11703155846232112,0.1171070300635422,0.11681825215474151,0.11716609069227261,0.11740340187666491,0.11704035197096371,0.11704764689401388,0.11734344915551062,0.11652990968610102,0.11688759730988975,0.11696605525924547,0.11737741932771567,0.11676045959817338,0.11679002540591119,0.11726905862169035,0.11724022621344145
422,0.0,0.0,2.0,0.01,10.0,0.1,0.07332467801126417,0.07311885245679635,0.07356480966364824,0.07312285716067528,0.07328127269702452,0.07336810215039175,0.07343432966672096,0.07367319860746847,0.0733813171524996,0.07331609596004841,0.07331027800610848,0.0733147896236728,0.07333186569307004,0.07340250980384697,0.07356745246467483,0.07311894254169686,0.07316724821273213,0.07326717925376515,0.0732340023746234,0.073446395636667,0.07332057880335108
423,0.0,1.0,2.0,0.01,10.0,0.1,0.07333507447450527,0.07322277773894909,0.07373646813703054,0.07339908821634956,0.07333349537688494,0.0736469843715455,0.0731099286687594,0.0735442005177438,0.07292230174157112,0.07345336636291741,0.07360744349416641,0.07350732396382564,0.07348123782800135,0.07319192629244478,0.07358421497817373,0.07340089023865244,0.07328680023151035,0.07357323989853154,0.07338335495251706,0.07377309944850895,0.07345620249806124
424,0.0,0.0,2.0,0.01,10.0,0.25,0.03531247273173663,0.03540264956352142,0.03531564487180668,0.03527772772214693,0.03502872388649244,0.03546191440341336,0.03532123737106259,0.03505106320582128,0.03516384790243211,0.03515312945222454,0.03536829955881267,0.03536586116672338,0.03535213564212238,0.03516651723325106,0.03515033728884293,0.03519606673056065,0.0354899300429916,0.03515539884064809,0.03551730129659017,0.03497919810117676,0.0353999781134169
425,0.0,1.0,2.0,0.01,10.0,0.25,0.0353152040229931,0.035273297912620356,0.03541642788881264,0.035181630954310414,0.035385871213574914,0.035122544533463244,0.03528251887981994,0.034985863512919664,0.035304663336900015,0.035208555087431606,0.03526590175551393,0.03516672233514762,0.03535631093149054,0.03537813377697107,0.03523051152753759,0.03520736293974361,0.03508526369168392,0.03555696462038956,0.034990877341672874,0.03542488426525233,0.03540257254296583
426,0.0,0.0,2.0,0.01,10.0,0.5,0.009811705121892111,0.009867441671263407,0.009915017760705845,0.0099770719597753,0.009967936954601759,0.010001737090829854,0.009898022168207406,0.009911742992734366,0.009835071431203627,0.009767416467519772,0.009848734698233268,0.009972720932830114,0.009710142231202904,0.009826880355789129,0.009958743727827431,0.009822965879315158,0.009948725020445404,0.0099533546260367,0.009698090284977682,0.009926617908683169,0.009866732064614908
427,0.0,1.0,2.0,0.01,10.0,0.5,0.009800923625325867,0.009906228343884918,0.009920835280049018,0.00974670639665734,0.009850685957418434,0.009835200764699235,0.009964262252060265,0.009846577385824411,0.009839291559222328,0.009835450067019875,0.009907404926231345,0.009983628440744225,0.009855575256692149,0.00967010334190837,0.009924203705044331,0.01001233062056116,0.009828119217684965,0.009872310372296652,0.009970394730089016,0.00973591871839297,0.009969675544477622
428,0.0,0.0,2.0,0.01,10.0,0.75,0.0029381985428543387,0.0029716252561398414,0.002942427208146303,0.0030011395105382635,0.0029368493300488117,0.0029396518310684412,0.0030489999079127924,0.0030205174298195635,0.0030113376484204426,0.0029977211262202474,0.0029273084905722165,0.0029469334217051765,0.0029862097216002267,0.0029991895121893827,0.0030314474656525795,0.002988366234970818,0.003014272990478706,0.003024093806032151,0.003022795422866301,0.0029414934962769257,0.002945615042404581
429,0.0,1.0,2.0,0.01,10.0,0.75,0.0029360284267153564,0.002999874472478064,0.003043228004957816,0.003020672353556624,0.0029720695639875493,0.0028965378509273106,0.0030154269766049305,0.003009513739182028,0.002959458523222004,0.003076699147029802,0.003025109015942558,0.0030352021775229363,0.0029942378689822085,0.00297254251109879,0.0030338573056765804,0.0029874584265872023,0.0030355230637642695,0.003003196609300969,0.0030099829722281305,0.003036834041661758,0.0029394478953235484
430,0.0,0.0,2.0,0.01,10.0,1.0,0.0009058838079507783,0.0009573078169191635,0.0009808348817125355,0.0009416474908274466,0.0009485521062246523,0.000944462566149803,0.0009610703404540064,0.0009511223314943171,0.0009235123595027405,0.0009426120482467318,0.0009474360150877089,0.0009078683382831478,0.0009510524541985973,0.0009167148642360459,0.0009467799096326003,0.0009248718219705953,0.0009223004902123062,0.0009502885117144579,0.0009408046309909736,0.0009414435266612959,0.0008979517262950207
431,0.0,1.0,2.0,0.01,10.0,1.0,0.0009029483966122298,0.0009406017106799523,0.0009432593326495176,0.0010001447391640031,0.0009224552900435357,0.0008950044166708924,0.000941721526138129,0.0009481487334857031,0.0009597847445548108,0.0009115117092266736,0.0009846608260496918,0.0009361095991293691,0.0009137925662673229,0.0009727903342853066,0.0009271428661042212,0.0009388455700656212,0.0009146099256155832,0.0009544283174128271,0.0009473050185900363,0.0009427962173579647,0.0009282267804927966
432,0.0,0.0,2.0,0.1,0.1,0.01,0.007125247986844845,0.01089250066877851,0.009622307322003747,0.01079146818041106,0.0089789449454906,0.010700052630526383,0.010395357468426012,0.010075674974854414,0.011435479721885638,0.010833756385608975,0.010562843607203212,0.010158155060024996,0.01039998271770427,0.009786967392449528,0.010159084463346211,0.009262475271705737,0.010809705004612135,0.011422168549814489,0.00998740777977131,0.010218326944998305,0.010744258216619106
433,0.0,1.0,2.0,0.1,0.1,0.01,0.007126236707004129,0.010724696355920589,0.010555362787579122,0.010518897280440987,0.011159218373252497,0.01152732981669301,0.010195308939603676,0.01051472678250395,0.010617640958035633,0.010658403479015888,0.010477095273667828,0.00958517399661684,0.01039180408092777,0.009955488328151916,0.010584868153042229,0.009822998082867409,0.009855922132599466,0.010759737308415682,0.01137243865846992,0.011144722572026623,0.009892557765252382
434,0.0,0.0,2.0,0.1,0.1,0.1,0.008141938933965873,0.010392362766905987,0.011139223011265452,0.009349273862867638,0.010434981461126692,0.011059081080840649,0.009944811068800772,0.011209412032572849,0.010079329242376166,0.010293501705480837,0.010903555406839176,0.01118288249584876,0.00995698927598573,0.011445809686845146,0.012167388591239817,0.010432308046351368,0.010283231547768034,0.012133173582625093,0.010595193846842259,0.009997605268889567,0.009941548899370926
435,0.0,1.0,2.0,0.1,0.1,0.1,0.008141380241440788,0.011085868035178036,0.010864777142281677,0.011640484108820291,0.011075090516917357,0.010438669905232765,0.010342399120382024,0.009172806125980634,0.01136980076608978,0.010916044979156929,0.010871736471603364,0.010397072153496154,0.011050513911339228,0.00961750967853688,0.010380235031020351,0.010095499607634522,0.010829005374557254,0.01021685591581403,0.010715174868567271,0.009766075396134347,0.010483263621551272
436,0.0,0.0,2.0,0.1,0.1,0.25,0.007332211347342384,0.01066640943491341,0.010185339431101139,0.010535583823084206,0.010609177157283187,0.010545074188672043,0.010976505687673091,0.01070885503109522,0.011333383989355818,0.009951933461771754,0.011253956166074837,0.010870625694385908,0.009766153233767458,0.011212764053901748,0.0111001256774679,0.009777448740774998,0.010452794329782907,0.009764764833029486,0.009656478164443894,0.009937422142083471,0.009824864092752591
437,0.0,1.0,2.0,0.1,0.1,0.25,0.0073342881078797394,0.011137958076671412,0.010275975600977356,0.010980155734760313,0.009403923220198571,0.011028002472841747,0.010537520795129303,0.010160138027172607,0.010519132966553433,0.009863472881368856,0.010626787350025242,0.009658502615105225,0.010267745996186356,0.010995694996130661,0.011486595267637493,0.010289667226164314,0.010883134879779778,0.010692055380753723,0.010161684588352822,0.009827277135916305,0.010672526410324353
438,0.0,0.0,2.0,0.1,0.1,0.5,0.007555330127187658,0.010017116454643166,0.010532286709939071,0.00979709480624426,0.010629078053773302,0.009951262236018887,0.00995417619251544,0.010213373530540346,0.009981992708072348,0.009589853926153195,0.010198328348867386,0.009493521230630384,0.009871150724088238,0.011900242995810427,0.010470285604317672,0.008984039548887145,0.010072169164570802,0.010389987358711803,0.010868784522647407,0.010497615218483355,0.009860143405056768
439,0.0,1.0,2.0,0.1,0.1,0.5,0.007561215663992525,0.010146753142977331,0.011026724060746115,0.010125659654290737,0.010287066438453844,0.010201139214833498,0.009774122793935342,0.010421588508331938,0.011107649106231207,0.010477682973870871,0.01055988512757662,0.010306372236908785,0.009626833378396444,0.010198036504990817,0.011608697923220473,0.01096307974256731,0.010688461703186517,0.01002020049858406,0.010288985384918244,0.009235450201669812,0.010188897464571528
440,0.0,0.0,2.0,0.1,0.1,0.75,0.007517193805711389,0.009932521805398874,0.009689874379711435,0.010329364525940438,0.010614867399607042,0.011006581723361239,0.009476465162809984,0.011313658853970853,0.010487204388592509,0.011781435193797863,0.010856115326634927,0.00908523297251559,0.010333699037921685,0.010924345306617227,0.010548795990311067,0.009827717303605923,0.010739858759779094,0.010194579499865498,0.010845813031964144,0.010763064850745543,0.010794107392144986
441,0.0,1.0,2.0,0.1,0.1,0.75,0.007520536233500556,0.010037218624363953,0.010219593000754933,0.00981149531517274,0.0104864981295645,0.009735052049526422,0.010065619626751652,0.009252163779251052,0.011467554080161743,0.010726784716206032,0.00996322160016576,0.009891586510667965,0.009922999567841534,0.010089270518403385,0.010248441970329484,0.010219394430904666,0.010039092162083157,0.011693152806577399,0.010799349479598527,0.010248311665940653,0.010315463197497357
442,0.0,0.0,2.0,0.1,0.1,1.0,0.007535610325002752,0.010068396134630484,0.010863799949057732,0.011811706284215353,0.010939036140878083,0.010456062082386603,0.009963608874816355,0.010438360625477015,0.009599158640679178,0.011524227661616884,0.01032880059580121,0.010215411306556035,0.010298639000611905,0.011258140118950948,0.009761012611980696,0.009161960290125034,0.009786768382920176,0.011102306227481753,0.010619371260480783,0.009900973470976657,0.011654799544026267
443,0.0,1.0,2.0,0.1,0.1,1.0,0.007538403790010161,0.01112721345968518,0.01204141723349656,0.010420520060020758,0.01070306496512477,0.011371009850431848,0.009945236536533515,0.011600145184958702,0.010289169424603095,0.010482249611335814,0.01070653302050553,0.010932746739231367,0.010635582653839815,0.010923626168528423,0.009651042063840924,0.011111194017192494,0.01064364806838982,0.010503046847737146,0.010449096747956223,0.011015134581629235,0.011522138098395569
444,0.0,0.0,2.0,0.1,1.0,0.01,0.010076858277961882,0.010948990116126963,0.011881271237048673,0.012293099625092093,0.010811527522213042,0.010559324585151035,0.011276548724098846,0.010884870407011868,0.011288101532985376,0.012071545123005966,0.011546919859708245,0.01226818825472312,0.012083994315998402,0.011814515920362728,0.011154012623587159,0.011395529408520842,0.011032692700752944,0.010834837610567638,0.011205762223228995,0.011269346122705526,0.01254916590788531
445,0.0,1.0,2.0,0.1,1.0,0.01,0.010079104620640439,0.010808553293298427,0.012523669747470054,0.013022686044652388,0.011932002098004551,0.012010393732720556,0.011864104978709886,0.01048615033092075,0.01059448015507152,0.011628402340981532,0.012322765302140602,0.012224245337370597,0.011463653898969492,0.011567026203732943,0.011681630692462992,0.012819795164633576,0.012039063294224422,0.012121543564080985,0.010498942163455831,0.010606254986406329,0.011166799542340037
446,0.0,0.0,2.0,0.1,1.0,0.1,0.008254684861516643,0.012025854514287221,0.011526877222249154,0.012154383980186345,0.011397908670972203,0.010162690220306933,0.010829855635768732,0.0108544720016371,0.01120352774265187,0.010599600963275592,0.010297364592971986,0.010455802130715498,0.011995374383991399,0.011577808358861677,0.011394024120957611,0.011455955646816847,0.010829291230420632,0.01095497609740204,0.011109774985698897,0.010724634619424807,0.011258443190320596
447,0.0,1.0,2.0,0.1,1.0,0.1,0.008257544999574394,0.012030709965183307,0.011183911903757214,0.010312232077330645,0.011968014551953263,0.011887878202984441,0.011768174580571441,0.010841316199472569,0.011260696994657926,0.011185213752370592,0.011009387125694,0.01076717209773002,0.010854663530139903,0.010731462602606056,0.011890777188335843,0.012321185746561,0.01142524758108747,0.010802328485103735,0.010619605373014247,0.010977990189799051,0.011604036617816641
448,0.0,0.0,2.0,0.1,1.0,0.25,0.008652993662708601,0.011151293193083098,0.010245097090413624,0.010878180380451526,0.010486921434984453,0.010806576796749132,0.01061724673250832,0.011092146917883702,0.010696764443494915,0.012184592200791586,0.011829077579048776,0.011626057185578418,0.0116871390386721,0.009900347475475831,0.012490871330028496,0.010714923617919935,0.010531160104608922,0.011533323082762607,0.010838861933951659,0.01180511903676253,0.01058915558335921
449,0.0,1.0,2.0,0.1,1.0,0.25,0.008651762414392718,0.010942451631036848,0.009678917411247878,0.01127770435732412,0.011669665669471406,0.010182741275382465,0.011161897707758568,0.010189940729391184,0.01144911574471651,0.01168657701314876,0.010869780997310261,0.01099973039127487,0.012302835462625922,0.010453690482363555,0.011127508841125067,0.010768331165873479,0.011174073702376308,0.011271000294755697,0.011228576885439826,0.010612036052161069,0.011440257904526928
450,0.0,0.0,2.0,0.1,1.0,0.5,0.007197382433357751,0.010485416402271727,0.010347687538519192,0.010417693695874572,0.010090891713370062,0.010958202554717456,0.011311733693715954,0.010829799357944488,0.009921411484357835,0.01028063925020738,0.011181393849412883,0.010263378499963989,0.010591799595392923,0.010302917006631622,0.01043391691788755,0.00970781882802897,0.010888128486146788,0.010508855687658716,0.010465883985999421,0.010378790893509706,0.01078615130510897
451,0.0,1.0,2.0,0.1,1.0,0.5,0.007201306450276491,0.010183031922327524,0.010153655319214793,0.010373844837686174,0.009487327483843183,0.01089918033821516,0.009825456582644927,0.010564497043537884,0.011813590174798374,0.009761931924970733,0.01053873861567793,0.010190705894190289,0.011022012497409375,0.010059304197034227,0.011790543506611245,0.010735623829631608,0.01051334919623492,0.010496634514511194,0.010727568747968229,0.01151748541606672,0.01027438723323971
452,0.0,0.0,2.0,0.1,1.0,0.75,0.007470893360936699,0.009773190165579943,0.011300150425247188,0.010771145570756435,0.011087309139121827,0.011025954882365139,0.01010070226526469,0.01073931536140093,0.010525108088110212,0.010957640925785725,0.010339978845695857,0.00986821736448756,0.009566245127522558,0.010681815030169788,0.010006924554982087,0.009669924275072354,0.01076788683453635,0.010349705031389909,0.009425876807851064,0.011417706017507722,0.009954696313177793
453,0.0,1.0,2.0,0.1,1.0,0.75,0.007476993900699962,0.00996303744739236,0.010079002020040176,0.009634062812489467,0.010405651577884915,0.011236385050345726,0.010501546383157758,0.010128249688911345,0.010484985044641647,0.010405604254194512,0.010659363515290232,0.009615634521524726,0.009911203300014165,0.011620286241139201,0.010387238172904571,0.011009820967766797,0.00989764868314874,0.0104908070141694,0.010896768219994713,0.00968445581265982,0.010771960628265187
454,0.0,0.0,2.0,0.1,1.0,1.0,0.007548332855948869,0.00985990368906554,0.00976126021674535,0.010322919890939551,0.01029227717926124,0.01141377982354364,0.01015054915302353,0.009629699183503372,0.009544480834614153,0.00931217603582203,0.00981035959730568,0.00961201850604165,0.010968402561233015,0.00998557950441575,0.009609126747745242,0.010889613476817758,0.010005396647443368,0.010761738634481599,0.011538900273588603,0.010574179592257028,0.01004084868724792
455,0.0,1.0,2.0,0.1,1.0,1.0,0.007553189886412561,0.010042032238117728,0.011834356427817294,0.010800439937093379,0.010933468469743591,0.010185764036439261,0.008785535780500448,0.0101703952918652,0.009644818324473238,0.01006074276210021,0.009434202970823495,0.011516279111033029,0.010409191647659306,0.009638830503688082,0.010058076743661909,0.010229293391913346,0.010112862887227323,0.010107273485022791,0.00999080896625207,0.010189186185571771,0.00957011234604029
456,0.0,0.0,2.0,0.1,5.0,0.01,0.03700760887293134,0.03853416515007739,0.039507281363875754,0.03979560171194459,0.04107952865773547,0.04024187781312553,0.03968691217241779,0.04250769447273956,0.036887976257033245,0.038918341891654586,0.037654191646417146,0.040297356675489615,0.0397898827512811,0.04054096538394929,0.040138602653782836,0.03990383219767805,0.03880206370164328,0.04103991268601978,0.04101966788383393,0.03915069169180187,0.04239346970497917
457,0.0,1.0,2.0,0.1,5.0,0.01,0.03703907893361581,0.04201793777311274,0.043343089558843056,0.04091614264811125,0.03691305529528367,0.039266182455055185,0.038488074081785874,0.03902091672600919,0.0395278705675381,0.039254690873621226,0.041028987414664174,0.04275637453646745,0.04022071537060809,0.036797006765148584,0.04057321838541309,0.03879628964965717,0.03987613644016223,0.03816067041017127,0.03836303924566179,0.04021999550766871,0.03756987596553131
458,0.0,0.0,2.0,0.1,5.0,0.1,0.027360134402613204,0.02772297201487552,0.03025781030436096,0.02959353902889642,0.030093236708019937,0.029417698649618615,0.029337333821087132,0.030146368397452612,0.028440682956604235,0.028875574015264537,0.027706252586438763,0.030314687703827253,0.02948343194273975,0.028571316873434904,0.031658998561862765,0.02966868162769568,0.02772726463263216,0.028425134758769663,0.028352778860412754,0.02854875313091473,0.0296585636772665
459,0.0,1.0,2.0,0.1,5.0,0.1,0.02736099665979338,0.02791296175511435,0.028277257762928037,0.029221914104640895,0.03069976843320477,0.02867598983341901,0.030484911007718416,0.030931713128160544,0.0312792421993881,0.029742310254042833,0.029135270549374887,0.02940640808469231,0.029280936078405886,0.027834434815190514,0.02916022017752387,0.02794922172742452,0.02977400221074182,0.028724856492590697,0.02926067000553577,0.030346834165763288,0.02863166010711356
460,0.0,0.0,2.0,0.1,5.0,0.25,0.01701588516910632,0.02003289712972993,0.020045828436782244,0.020731333259242642,0.018720701866583388,0.019528119506295405,0.01932122941563715,0.019935142123269543,0.017332139482934137,0.01730326899973337,0.020219506420797114,0.01969145687836239,0.018432873598262418,0.017906023826108203,0.019812965961882725,0.01800573590072901,0.018688282137060325,0.020646651204153894,0.019676648562931276,0.019068845588422586,0.019305171036242796
461,0.0,1.0,2.0,0.1,5.0,0.25,0.01700878427228289,0.021048237030459955,0.020136901647605922,0.02106600175844693,0.02075774105585282,0.02116761918312302,0.019063368352358476,0.018718926289736027,0.019236263120972177,0.01954503737286373,0.01892044295229274,0.018332980702068586,0.01920146457563388,0.020114189517997576,0.018019699723910324,0.01910252479175916,0.019800447352276904,0.021009261626707926,0.018018062554071554,0.01831070863852408,0.01831709977496955
462,0.0,0.0,2.0,0.1,5.0,0.5,0.009491412637869802,0.013307988366458011,0.013393514063726452,0.011116659307353376,0.012985195562100779,0.013120648242659535,0.013389623011270325,0.013545850539700591,0.012232399842170534,0.012675256164281298,0.014556237695077575,0.012475611537560088,0.012765003318670245,0.012896842365969028,0.012567066889547436,0.012723035058088743,0.013019074157759223,0.012394338157110281,0.01277909987601982,0.013213033467560944,0.013163931259734795
463,0.0,1.0,2.0,0.1,5.0,0.5,0.009498956867157128,0.01387957507055413,0.013487806604239589,0.012627265572300027,0.011765103562423966,0.01582222330156801,0.0127046195902662,0.012371474328821295,0.012376075410316075,0.014125814234771338,0.012542761884986733,0.013164090870496444,0.012086858408929138,0.012719512951524336,0.012567312863869,0.012928925621138447,0.01319217778973341,0.013848935965632705,0.012978089585654771,0.013517830246142962,0.013605077110046812
464,0.0,0.0,2.0,0.1,5.0,0.75,0.009595656927287394,0.010431874285444308,0.010986447287861313,0.011090743047198886,0.010689700496097427,0.010666796448252325,0.011269995242834164,0.010814939880889681,0.01155335962402652,0.01161966033619629,0.011333107176649954,0.010988746635152197,0.011689587515103099,0.010087825699688458,0.011248233394846301,0.011642911780855834,0.011266156640215564,0.011239142505729622,0.011283239251817085,0.012309540354801238,0.010848641707532814
465,0.0,1.0,2.0,0.1,5.0,0.75,0.00959985644569339,0.011626968827299149,0.011694069521503857,0.011359177011710306,0.010909904059876206,0.011234926962774429,0.011656053839114963,0.012559449138562181,0.01130444410754472,0.01050651743283456,0.011535026792950534,0.011001399906460657,0.010189893668629851,0.011673561059439869,0.011504138809181665,0.011026031778325554,0.011759431735252915,0.010947030896189341,0.012115152180827055,0.010964832302282417,0.010483473533408644
466,0.0,0.0,2.0,0.1,5.0,1.0,0.007374396638609003,0.010292940796881143,0.011081034851659212,0.009972072821035778,0.010793118338030023,0.010940446100676451,0.010562846428339318,0.010688852390413674,0.010616158689464274,0.009943329071585138,0.010230170171639196,0.010926389299998814,0.011197140640835412,0.010500300338150925,0.009633110616522524,0.009291852208259926,0.0107910673440475,0.011236616983125102,0.010007398459080198,0.010306411500285308,0.011120591197683908
467,0.0,1.0,2.0,0.1,5.0,1.0,0.007379402145485412,0.010520825857757555,0.011143817902631113,0.01133713741591311,0.011025949170640377,0.010631798905988197,0.01157960891727568,0.009882717551900155,0.011534985740982608,0.011889212355671122,0.010746613056239128,0.01005115935633042,0.009534851694560854,0.011482743416164775,0.009956587778202991,0.00959633249577009,0.011212073127213494,0.009473620303419906,0.010555267567138234,0.011280799014326374,0.010435569666834007
468,0.0,0.0,2.0,0.1,10.0,0.01,0.12127631632089333,0.12885274523587065,0.1298136420987244,0.13052264287805634,0.12975595476756024,0.12539271197012195,0.1282272640488173,0.13417981792087866,0.12553863000296633,0.13285072762082487,0.1319897142067107,0.13252285805941846,0.13037515430352817,0.12727779422671487,0.12452065030598829,0.1294348366895411,0.13579136997902014,0.12651772370893,0.12843629202524146,0.12978521377501975,0.13000102526936322
469,0.0,1.0,2.0,0.1,10.0,0.01,0.12131488249238655,0.12458731118992773,0.13045862496694496,0.12572428469664118,0.13277459763233349,0.12268760832034291,0.1291701227024162,0.1301428912934102,0.13099846518305966,0.1324747287743871,0.13057221582166953,0.1308909269186605,0.12778520102370128,0.12878608062510993,0.12974891148545664,0.12933155368059182,0.13040471356616098,0.13032654409770766,0.12436233983991869,0.12252216721484571,0.1286611791949264
470,0.0,0.0,2.0,0.1,10.0,0.1,0.07891473987606368,0.08281291792818858,0.08903516017060087,0.08416407423724337,0.0826904256802568,0.08176879412426385,0.08584564183880536,0.08494918936550917,0.0844093119717087,0.08469021857081571,0.0877233337366868,0.0836690528914784,0.08585721057590381,0.0876106912513374,0.0848757550530402,0.08235290750347975,0.08609055741393397,0.08632292432814323,0.08626088499090043,0.08661171163875378,0.08733022052748185
471,0.0,1.0,2.0,0.1,10.0,0.1,0.07893580545221977,0.0837670340276074,0.08924569141508477,0.0860253033264689,0.08502113678662228,0.08632179417185896,0.08589928883089232,0.08421039932076242,0.08442452437064299,0.08481716051200494,0.0871122264674263,0.08042592767545338,0.08971389480258009,0.08242045594028967,0.0835191550903277,0.08463461646235787,0.0860738465145092,0.08583028595596309,0.08397067170921353,0.08232622974113893,0.08687022676271199
472,0.0,0.0,2.0,0.1,10.0,0.25,0.0428958431776399,0.04923460478674904,0.04517096460295793,0.04375418988445185,0.04601283784582377,0.046064328173175115,0.04970062212102117,0.04819187050417084,0.04637368770579835,0.044674369164884146,0.04591097319477522,0.0456142279463922,0.04789800017209126,0.043860643789397157,0.04345041368028717,0.046182375081587984,0.042117607934885094,0.046792912737533825,0.045287170903265055,0.04730034185344583,0.04694623893178108
473,0.0,1.0,2.0,0.1,10.0,0.25,0.042930108600172434,0.04538902494302392,0.04549300394732803,0.045997910345170916,0.04425101650842522,0.04586670506437084,0.04634610847926663,0.04403004446393864,0.043889855296102474,0.04792378078640985,0.0452909847448949,0.04414837084118912,0.04495786571869651,0.04549920824234259,0.04296941576072942,0.04712056309156835,0.046234967871128865,0.046377464482736275,0.04451626801864166,0.044596621131747706,0.04303647858367081
474,0.0,0.0,2.0,0.1,10.0,0.5,0.018649599833932645,0.020204274956054036,0.019697771862612012,0.02121364273680918,0.019993937484105072,0.021381682264037256,0.019475418590166795,0.020424751213860382,0.021545589787008247,0.020768814459293426,0.021435083465524966,0.021823543691964552,0.022828821581132332,0.020727250858978273,0.021991398826073278,0.01976449870329389,0.02088778808337644,0.018459620841111808,0.02215966650894546,0.019552889775295925,0.01874703264512619
475,0.0,1.0,2.0,0.1,10.0,0.5,0.018642385078928646,0.020753010731525016,0.02028425065790571,0.021707169921001763,0.020509241154309417,0.020313140863387542,0.021514337029762312,0.018916830000197213,0.021573371258240753,0.02003200142885507,0.022219664074508053,0.019878464459525638,0.022068266498624253,0.020162392767491252,0.019422899345468952,0.019393394896429036,0.02198286855373716,0.020246642163915238,0.020962585530678063,0.01970633476256905,0.020438922080837866
476,0.0,0.0,2.0,0.1,10.0,0.75,0.009322766663031902,0.013675113305088459,0.013354937768749965,0.013072553931027818,0.014455266707015716,0.014135172748071943,0.013573762995435203,0.013459561523352412,0.01364453542504788,0.013425213043208652,0.01370444103777773,0.013107280019815828,0.012719268269462783,0.013863199708476765,0.013754314348268753,0.012991508684860252,0.013626622411144165,0.012224381724381903,0.01291133020451531,0.014942541743017922,0.013737185551859883
477,0.0,1.0,2.0,0.1,10.0,0.75,0.009323011133394737,0.013009333772976738,0.014827229948290204,0.011949951790040046,0.0124684686147532,0.013316601323990039,0.012110671890124058,0.011979903425849084,0.013018514240518362,0.013347632007843925,0.01259546403459405,0.012040433920799138,0.013154247734128075,0.012891891740261775,0.013203363705949295,0.013474161977437796,0.013120111404385586,0.014128374625919019,0.012454124653823442,0.012639844583313591,0.014173640734212813
478,0.0,0.0,2.0,0.1,10.0,1.0,0.008522681647706344,0.010581307584447412,0.011276140874570021,0.011448017766197261,0.011710941127600176,0.011037460695707548,0.01096766951625694,0.009706969136152387,0.011516588734002235,0.01126584466354095,0.011157193498072513,0.01121369682465315,0.01169747599065339,0.010179921251587957,0.012661931819314139,0.011207236216664524,0.01144814278570475,0.010104629670782484,0.011667351457248645,0.012206316898251033,0.011204311354713838
479,0.0,1.0,2.0,0.1,10.0,1.0,0.00852848567951167,0.011114316900894332,0.012186327332799025,0.012351374364887282,0.011325916900110906,0.011617996294817459,0.011337807098264974,0.011387435826743097,0.011054202888405078,0.010867136711852854,0.012038132771890682,0.012144407550611828,0.011193756546978056,0.010335442088825496,0.012152559289638338,0.01063957751882223,0.01121502065567561,0.01168508848585549,0.010611958707397997,0.011509758887585425,0.011222015753304013
480,0.0,0.0,2.0,0.25,0.1,0.01,0.046042289348315474,0.0646040212934901,0.07252964220517114,0.06556911642230463,0.06369515677933725,0.06864712950889888,0.06267243433770804,0.05943997379083879,0.060915828892295076,0.06606294449172558,0.06587684671438698,0.06352064664021059,0.06468002100705393,0.06403048378252868,0.06476054360953651,0.06015340938558469,0.06432466608720042,0.06654365554792906,0.06287425810502263,0.0607573230317061,0.06704548620658903
481,0.0,1.0,2.0,0.25,0.1,0.01,0.04606872925431547,0.06164247220605171,0.06546936033612123,0.06423054963247132,0.0672638981145018,0.06523457181940708,0.06432838791730851,0.06150699645704956,0.0638177909335767,0.062431094868811376,0.06367060005153796,0.06306208906312466,0.0672186711354733,0.06095449046097684,0.05927885322146533,0.06700072668219273,0.060246864232400506,0.0679556422759249,0.061197828021905015,0.06590513225549846,0.06472529401983437
482,0.0,0.0,2.0,0.25,0.1,0.1,0.050330246375694096,0.06444909847225834,0.07249823303090838,0.06891027353333445,0.06363425529865231,0.06514928152994026,0.06513842703268835,0.062441077439919175,0.06685674963235452,0.07137592126517711,0.07421605203011682,0.06717944204604004,0.06061134755076289,0.06464251213096758,0.06342280792143119,0.06487571981088469,0.06319202947154429,0.06766060397899658,0.06946245748195094,0.07383030081337591,0.06115275632785356
483,0.0,1.0,2.0,0.25,0.1,0.1,0.050342992702604394,0.06781908468022324,0.06630297379783592,0.07069546191521242,0.06290344810220334,0.07007383092305249,0.07457592920033979,0.06157484187807649,0.06872802166196187,0.06691073161217152,0.06345641357481366,0.06922814169346847,0.06376639996659855,0.0691395122669708,0.06811516655716973,0.06534115700060272,0.06336399114338746,0.06451374194843118,0.06889448736960994,0.07073225773602647,0.06543715697677158
484,0.0,0.0,2.0,0.25,0.1,0.25,0.04520635854813314,0.06721426858860131,0.06322454163484835,0.061457161243828884,0.06753297141920653,0.06773705984694309,0.06706110580873371,0.06594897982499476,0.06491983383736247,0.0614320963332169,0.07030128498788688,0.06952108942985705,0.06462041352920261,0.06446336408857437,0.06854427047727289,0.07257537829846174,0.05880215458918556,0.06712742215645373,0.06885642576857194,0.059911338681838455,0.06639502701169711
485,0.0,1.0,2.0,0.25,0.1,0.25,0.04520907087273768,0.07095493864442734,0.06470966337728726,0.06440940135387092,0.06325328807063141,0.06447010036125991,0.0612330211761658,0.060089101152097486,0.06083865470305251,0.06642212486515044,0.0703224217483365,0.06508716595595482,0.06737696828749008,0.06793342632231174,0.07003538509597362,0.0616514880404927,0.06206003467272525,0.06632919860987285,0.06985952908713443,0.06260626866543817,0.06350242669279821
486,0.0,0.0,2.0,0.25,0.1,0.5,0.05169539601957241,0.06452181600019527,0.06202994672967761,0.0664716364155349,0.06152481220368902,0.06272535497229885,0.07419036242128188,0.07225795218653566,0.06609461835951669,0.06308731026517532,0.06665066487563806,0.0642936438283078,0.06269718189006573,0.07224589917097249,0.06365259931753042,0.06396738095390929,0.07266469095107604,0.062275056183695485,0.06369066813528504,0.06374124440402608,0.0666472526496164
487,0.0,1.0,2.0,0.25,0.1,0.5,0.05171720201170438,0.06432709714310318,0.06787176163127624,0.07005667982829036,0.06871637992975983,0.06778579953433798,0.06584906339408819,0.06600138222242141,0.07127394040763996,0.07174228732210715,0.06782981689785238,0.07134881494269411,0.06221161661644028,0.06437748453142322,0.07283457472716305,0.06404606330410738,0.0670862128298995,0.0634126465225162,0.06299051969062403,0.060345611495978425,0.06820648878814213
488,0.0,0.0,2.0,0.25,0.1,0.75,0.04934695460791404,0.06874173585936055,0.0643925440971517,0.07232733183816528,0.07009817998497722,0.0668632047151466,0.06196315262417811,0.06103575960040339,0.06663849210752117,0.06633600680889795,0.07190540172280378,0.06114150371109704,0.06386713069726237,0.06827266482935651,0.06765058500863382,0.06700450571068363,0.06391759269676771,0.06484907449644509,0.06890414026968616,0.06586444186473273,0.07356833430328602
489,0.0,1.0,2.0,0.25,0.1,0.75,0.0493732884853584,0.06973920554474967,0.06970925395915677,0.06452978417267416,0.06589472246868996,0.06528808371705702,0.06067732204834399,0.06435681817817344,0.07026228053997466,0.06333096410736477,0.06250648263183207,0.06838033947629138,0.060374866629192,0.06636657503381616,0.06158231758123361,0.07394721932471122,0.06024793649983237,0.06667516845052017,0.06796724002943046,0.05954920186971811,0.06547292813407055
490,0.0,0.0,2.0,0.25,0.1,1.0,0.05258469145366798,0.06604299407702392,0.0685922063342004,0.0650402281758739,0.070901064473775,0.06018649148770279,0.06512434002993453,0.060636798559720595,0.062227828382898726,0.06941988312096976,0.0656343530997101,0.06746207614333065,0.05336662124455593,0.06015401294121427,0.06837422395578364,0.06545084776544449,0.06551727720760354,0.06565084000713331,0.07398697105443335,0.07368988019050855,0.07775535176007499
491,0.0,1.0,2.0,0.25,0.1,1.0,0.052613476318140125,0.07061428343823468,0.06295465129818104,0.06777321034113308,0.06858855051804504,0.06611204062611366,0.0635845881346303,0.07090277541052632,0.06608639502938472,0.06656617739671686,0.06289276730561219,0.07243451373627813,0.06079916589211539,0.06459450317220726,0.06072679504563878,0.06442635946968014,0.07028220063704732,0.06974804436100947,0.06108324641402614,0.06748560287443137,0.06685033704079735
492,0.0,0.0,2.0,0.25,1.0,0.01,0.047531299891627285,0.06329283741181245,0.07148254158968106,0.06983929611486651,0.06621838062249613,0.07639368265840908,0.07172715020507957,0.06774485731380289,0.0709094539190039,0.0628862468385305,0.06735145780362761,0.07263663707156705,0.06833047912824063,0.06804753393324149,0.06743181214032491,0.0714698160043463,0.06626091709694859,0.06162761007213157,0.07173954375053583,0.06995979442278501,0.07342087568592472
493,0.0,1.0,2.0,0.25,1.0,0.01,0.04757656373066022,0.06649607730853029,0.06954773627041912,0.06682607428046061,0.07193504573542274,0.06899460505619417,0.06875381270385501,0.07706463818198114,0.06269312233201388,0.07004680201012704,0.07502045451480481,0.06663493712740225,0.06510504121312852,0.0721336869198516,0.07004776789055313,0.0688849494615136,0.05993065468265143,0.06863014632571429,0.06950802107907356,0.06738543610651387,0.06994387808115948
494,0.0,0.0,2.0,0.25,1.0,0.1,0.049210270550262905,0.0678442664257184,0.06642490140847637,0.06928170684565159,0.0628499397654691,0.06395329102701662,0.05925384698092916,0.06377264782824024,0.06449970248422172,0.06397391813800084,0.06741148682333892,0.06658898721133204,0.06618780272160539,0.0694682470095981,0.06358608598484275,0.07235960632750428,0.06040647293796401,0.0684959043183353,0.057514069878163196,0.06576333793557367,0.066938426998751
495,0.0,1.0,2.0,0.25,1.0,0.1,0.04921239666486213,0.06584143358773485,0.06490706912584666,0.07050297628555385,0.07117543261541935,0.06679211529185804,0.06789231705642167,0.06166121393125327,0.06906062221809911,0.0713432760231376,0.06408129548056418,0.06694514505536606,0.06585780523556896,0.06398125520580238,0.06602662333800088,0.07252981582309444,0.05967332834387233,0.06031537888044302,0.0689894228191309,0.06227669431002339,0.060270865634789075
496,0.0,0.0,2.0,0.25,1.0,0.25,0.047554232692228075,0.06600545981006324,0.06237701162285464,0.06625349124401386,0.06915407079873842,0.06468744418261864,0.05890007555034853,0.06843267827004688,0.06341345592628946,0.07066744334013597,0.06037948513817455,0.06688923546007056,0.06347216522553425,0.06664032324932455,0.0685204005210208,0.06785073116849726,0.06753636729909834,0.06318274939449924,0.06375943670583997,0.06605053821382555,0.06704438220130192
497,0.0,1.0,2.0,0.25,1.0,0.25,0.04754359060414638,0.06169628761339063,0.06568979268452552,0.06681056464407865,0.061774248153706766,0.06620605191589381,0.05841831614651842,0.07106598332216747,0.06921731225250304,0.06724178526398877,0.061623121564598884,0.06707540374517255,0.0636146491995826,0.06644866861123302,0.06845060352304247,0.06489569462534638,0.06251425312928595,0.06916758644769087,0.06466152737340863,0.07195875585209893,0.06764121482681912
498,0.0,0.0,2.0,0.25,1.0,0.5,0.04606338208390259,0.06226083146097038,0.06200111387068788,0.0639139194081801,0.06887601183337765,0.0654248476064453,0.06125076186810909,0.06255584288607619,0.06839105136657483,0.0633593513577858,0.07234602211219071,0.06280159381793703,0.06513542793543098,0.06755594659642472,0.0628689787621391,0.0644605559871393,0.07077531019327113,0.06675791911259298,0.059070017030198096,0.0610842531855169,0.06977780390112356
499,0.0,1.0,2.0,0.25,1.0,0.5,0.046093852230765044,0.07016518632193104,0.06828015634950002,0.058488382620778566,0.06215219818676288,0.06296988248909834,0.06346007637658373,0.062338583450011364,0.06801388037723491,0.06252547733822815,0.06445725928388316,0.06701242561698117,0.06295985572247,0.06669174633523255,0.0664379843967566,0.06357469151012843,0.06602337091796327,0.06506716195400579,0.06924342570084975,0.06474334961149973,0.06481249034878613
500,0.0,0.0,2.0,0.25,1.0,0.75,0.05096928156410935,0.0631940451751506,0.061585810386425716,0.06799868468386615,0.060344413543871704,0.0635409491797057,0.068835400844772,0.0652639309117674,0.06507806978103932,0.05790326896878486,0.06594533510697134,0.0666859765897767,0.05810272830760139,0.06141570496506354,0.06684203324577438,0.06741488128551851,0.06535597482228032,0.05928386180766292,0.06802860386673981,0.06576206785347659,0.06238125727795473
501,0.0,1.0,2.0,0.25,1.0,0.75,0.05099294307047033,0.0761920381224701,0.06929003552972997,0.06502029500436804,0.06432475217567904,0.07488492837382725,0.06433057883076698,0.0625976637463711,0.06428275543905011,0.07091081545505358,0.07356291224464995,0.0625196408119225,0.06345022350332663,0.06874146881489576,0.06813492232717712,0.07667657988611788,0.0711197436441307,0.0642750373774134,0.06889070955889083,0.0665641130203804,0.06719596189173539
502,0.0,0.0,2.0,0.25,1.0,1.0,0.051994841661229974,0.06631676666326282,0.05994774956042753,0.06251797048151564,0.06651667898016692,0.06370063527585948,0.06423274171313643,0.06568127131084715,0.06525069452364934,0.059504855269999345,0.06659795472620442,0.06870954734661139,0.07010712496998317,0.07098458221682061,0.066682487483265,0.0619936146241837,0.06751342236030919,0.06604460646240437,0.06281116715236316,0.057209347400925696,0.06215908131755025
503,0.0,1.0,2.0,0.25,1.0,1.0,0.0520223753261821,0.059606940628445446,0.06431642799541888,0.06389234824970727,0.0663009154704888,0.06272618518624827,0.05941782824935091,0.0689693467001989,0.06416487929994152,0.06384114595418029,0.06053406066011007,0.0672620780584495,0.06755197686149102,0.06534738914121055,0.06075408625652365,0.05928120000870906,0.07142882435608298,0.06226635245017667,0.06814309012678622,0.06596936863478747,0.05932224949335084
504,0.0,0.0,2.0,0.25,5.0,0.01,0.08169790054484805,0.09188910343270472,0.09834506814431714,0.09548583851696105,0.09144101182214652,0.09290627693312623,0.08922516142914183,0.09009672423208064,0.10019396107944942,0.09409430939011351,0.10024115341857148,0.08814181076522884,0.08831612623866757,0.09818460723458582,0.08676922794468105,0.10276486432625993,0.10725862391741547,0.0933144100312307,0.09120145647506604,0.09450182263283213,0.09251480530630733
505,0.0,1.0,2.0,0.25,5.0,0.01,0.08168716569377377,0.0891469143593372,0.09250769881394735,0.09208878604190054,0.09802264174366003,0.08833456596783142,0.0895310761784188,0.09733755439830709,0.0908749529739135,0.09794189518736748,0.08958617459123097,0.10370056239031335,0.08923902930371166,0.09360282967659753,0.0933448491541071,0.0965840393453925,0.09366727430625615,0.10270801538611454,0.0914058936693715,0.09271832651796832,0.0870880566131054
506,0.0,0.0,2.0,0.25,5.0,0.1,0.06425423029200379,0.07603803104613666,0.0870959743965319,0.08246017115259112,0.08767072820667997,0.07484120991845888,0.08343204557247018,0.07982551105203074,0.08949230476848745,0.08388667779922639,0.08648819244431921,0.08019958507086836,0.07292615588051633,0.08166372397855366,0.0818033655904422,0.0806221380514152,0.08649119399024942,0.09189354973172509,0.07617927444059854,0.0779491030504798,0.08682363823813097
507,0.0,1.0,2.0,0.25,5.0,0.1,0.06431919914946142,0.09409550160079455,0.08436292833042286,0.08312175451303434,0.08644035931882474,0.08289470069292111,0.08593491258166285,0.08518060267820782,0.08416824909948373,0.08366699444417751,0.08189798684588018,0.08407736613259985,0.09182114479067355,0.07367789704523031,0.0878554313069521,0.08991925276013094,0.08390045192113216,0.08630810250971153,0.0856501128990516,0.08590343296011663,0.08095193761085459
508,0.0,0.0,2.0,0.25,5.0,0.25,0.056604916587228174,0.0732618513285243,0.07108084513480852,0.0703094287043985,0.06954211686648422,0.07222428582039941,0.07704877739991572,0.06765483579898761,0.07171272404722578,0.07601665617804594,0.0772988453915367,0.07410955199855371,0.06729476415482126,0.06697912157943084,0.07587686897894089,0.07140312951751573,0.07011587479577445,0.0722096884136145,0.06967741454373404,0.07503612142171012,0.07813011416049569
509,0.0,1.0,2.0,0.25,5.0,0.25,0.05662881557161313,0.08098719559446736,0.06855327296821037,0.07705858658033322,0.07291997680852472,0.07148364110550771,0.07256230895298327,0.07595050587257422,0.07656075730201439,0.07546873559432946,0.07924448862637068,0.07479762171757254,0.06543839082654226,0.07121034285548063,0.0829711215459426,0.07308664357386181,0.08055443954741698,0.07674089090580957,0.07543942070123091,0.0751776096414281,0.08218538064478151
510,0.0,0.0,2.0,0.25,5.0,0.5,0.04629367024827567,0.06849406823588394,0.06790350085980675,0.0615745023526855,0.06771153801515775,0.06544141324817027,0.07063905930312413,0.06325217724875418,0.07178757288712222,0.07306143355829359,0.06967980962805254,0.05838294624196059,0.0675449345580899,0.06887974585754778,0.06396718850269399,0.06445903356696926,0.0657962342237597,0.06973309332791278,0.06948702817962257,0.06884691501218884,0.06373058029388667
511,0.0,1.0,2.0,0.25,5.0,0.5,0.046291876794446685,0.07703297451709969,0.06314213610534039,0.06368974418357164,0.07040117229101858,0.07320386885915141,0.061853809096871874,0.06091012049548389,0.07204299265216896,0.06549486270758552,0.05999358635201003,0.06590321439467092,0.07030169435943591,0.07253334834150359,0.06286332099118067,0.06758382193930156,0.06998679182557743,0.066049170202847,0.06538458833225863,0.06728472292170955,0.06760790231637262
512,0.0,0.0,2.0,0.25,5.0,0.75,0.051253104982700075,0.06025928174668306,0.06879472431754156,0.06518496484188153,0.06601414333635373,0.07077286505339052,0.07163805405376109,0.06763828297683654,0.06335722561512841,0.06265109977727215,0.06699044998122547,0.060911054118449416,0.07045273820821994,0.0602932545621507,0.06871227160793693,0.06645677859742387,0.06671522653965974,0.06793557882141102,0.059752347854802546,0.07162883778727411,0.06553703452128029
513,0.0,1.0,2.0,0.25,5.0,0.75,0.051241080444508154,0.06709011534032701,0.07076089179831722,0.0665233234332942,0.06857458078280892,0.05796597159908263,0.06394296811679492,0.07110834542780912,0.06270094651329437,0.06511278944518892,0.05966814930576551,0.06259921851071697,0.06587225544717823,0.06474999609076092,0.06470747410740839,0.06566220198031981,0.06570883334882421,0.06753775500886579,0.06526073245161336,0.06854830422736168,0.06595253382354485
514,0.0,0.0,2.0,0.25,5.0,1.0,0.051049944767449486,0.06512617202809558,0.06372280554839001,0.06976234549852127,0.07087708089070441,0.06471422302285391,0.07089935344683101,0.07180859869444725,0.06880924551629364,0.06503268908464618,0.06880713077042451,0.06019529797350071,0.07215340863808037,0.06073135174342859,0.06886348647627707,0.06998732644826379,0.07061799628120197,0.0609422165717413,0.06678467983790361,0.0634279059031207,0.07165748397513177
515,0.0,1.0,2.0,0.25,5.0,1.0,0.05105369527328512,0.07254770481151102,0.06977877426043873,0.06950220443664044,0.06584408931016265,0.06835475069126441,0.07481145524573607,0.06619213089212048,0.07398607606080404,0.06646913051586072,0.06486370022474126,0.07070843928949483,0.06336069822967776,0.06836502648827805,0.07667898224204685,0.06791530000699968,0.06561857685505386,0.06220041159637319,0.06590262749668896,0.07199130762289324,0.06579996432293886
516,0.0,0.0,2.0,0.25,10.0,0.01,0.16224611903630343,0.1809483304445598,0.1777755470545988,0.18717659035328993,0.17716155349359305,0.19770716830056229,0.1846347122827162,0.1871220706665907,0.19311574859408176,0.17515373589233568,0.2011755521310611,0.17582515843515795,0.18632045201155828,0.18273492930308077,0.17698558749608923,0.1788487855027332,0.17889173488646967,0.17932274082047314,0.17520009534552702,0.18568211971765866,0.18113152262478216
517,0.0,1.0,2.0,0.25,10.0,0.01,0.1622979512721382,0.1916062803438606,0.18566032803798338,0.18292333033602018,0.19133617225944402,0.17927347526147888,0.1797945046384552,0.1846470324163558,0.1814151070181968,0.19178449365672004,0.18514936684676622,0.17821188101086413,0.18659604109868438,0.17909560992084622,0.18183061252585153,0.17372492015459173,0.19205776930693202,0.18652331441245365,0.1856707822631977,0.1741503692057215,0.2022253281217114
518,0.0,0.0,2.0,0.25,10.0,0.1,0.12039269782727849,0.14025936496802502,0.14176738537036604,0.1471116928565648,0.14472475464448661,0.13163685671412353,0.14051199679358148,0.1459347660208301,0.15317330555083833,0.1394948058894021,0.14825866409600255,0.15528118627086832,0.13721397224756718,0.1430159764343765,0.13778938812932198,0.138593966283393,0.1350848392911339,0.15258078833258765,0.14304196276999173,0.13782588877993465,0.13207887505599247
519,0.0,1.0,2.0,0.25,10.0,0.1,0.1204833345196568,0.13372180003062686,0.14964686090639437,0.135931084773636,0.13628172368037778,0.13920841094249184,0.14477311042818405,0.1410349006245918,0.13724470862882768,0.15301465586506807,0.13483179052220762,0.1420375160926427,0.1415247240518063,0.13129819719591018,0.13955779190579806,0.13809519976262255,0.13798828246929828,0.1315167517526706,0.1389558030523917,0.14069488909509,0.14142741248470592
520,0.0,0.0,2.0,0.25,10.0,0.25,0.07851616310926858,0.11416510424671829,0.0980115000628856,0.0992410926313709,0.10899141591839502,0.10091221756059938,0.10478774401899055,0.10519316847660876,0.10396202298806388,0.10568408845357956,0.11327152406853051,0.1094393103399884,0.10326154960362492,0.0929900822782316,0.10926712047123247,0.10086891539545122,0.08965830338296223,0.10498900512505933,0.10787140240189273,0.09973508771346765,0.09615234218327343
521,0.0,1.0,2.0,0.25,10.0,0.25,0.07851341910556096,0.10612170827663522,0.09097788113046248,0.10227593726171784,0.10695462106740405,0.10330201228151709,0.10235639210088186,0.0903797059662505,0.10042689229379426,0.09619147881875971,0.0952811700818678,0.10812584703119885,0.10158282879116769,0.10543778857192825,0.10787003155181503,0.0997135709616733,0.0987247546313934,0.09027016105208839,0.09526378758184428,0.10550989891408503,0.10100645763096795
522,0.0,0.0,2.0,0.25,10.0,0.5,0.06466522129012803,0.07721198381619748,0.06724492567870997,0.08359484564919543,0.0683782002215482,0.08076352920877382,0.07332519349873384,0.07872142768020346,0.07369018990567847,0.0761085212995548,0.07681596519723352,0.07760482646569644,0.07450978915338183,0.07896525101210133,0.07394637175522308,0.07597418774542548,0.06641957379671283,0.07346549096466751,0.07724588649736308,0.0764942166502376,0.07517649457503758
523,0.0,1.0,2.0,0.25,10.0,0.5,0.06470340613265706,0.0720754495706455,0.08318884358897469,0.07976859249036825,0.06259305860999316,0.07813798126094039,0.07462948590811534,0.07400981565942587,0.07339973610862108,0.07504039433219147,0.0793566896963465,0.07051677010892687,0.08010061492254433,0.07157685745212913,0.07554768879079073,0.07309594408357872,0.07239598916873602,0.08167901753819486,0.07235281088248775,0.07898335467620314,0.07674392412885123
524,0.0,0.0,2.0,0.25,10.0,0.75,0.048284934373194206,0.067415981453295,0.06685049209141349,0.07268730307581202,0.07111892463333802,0.0719454962189418,0.07156815765732383,0.06300894097533294,0.07096403974815134,0.06899156212760581,0.0678644364498898,0.07300630469347426,0.07344342435133876,0.0718675787428093,0.0699538629647783,0.06615544905384646,0.05960612066357371,0.06541704427178005,0.06550846099671002,0.0660417103461031,0.06879320546692921
525,0.0,1.0,2.0,0.25,10.0,0.75,0.0483088246743926,0.06552444190563725,0.07137018861394495,0.0705288528400703,0.07304929725078206,0.0646879370652115,0.06600633117019991,0.07089733512264008,0.06318831568988219,0.06758588062385183,0.06624589592614262,0.07164089312995159,0.0706203294168589,0.0666579946611998,0.06737330428080628,0.07044761729943756,0.06881320458347498,0.0712171050317446,0.06444959647001477,0.07139011137626246,0.07024462736012017
526,0.0,0.0,2.0,0.25,10.0,1.0,0.05117322827732468,0.07179978029593458,0.06238204160999231,0.07014426393032372,0.06425108306987914,0.06470322597732629,0.06920771920050196,0.06378405690462036,0.06777398470464849,0.07215513081277547,0.0586761539014043,0.07056858809514528,0.06713578866218241,0.06857650537836567,0.06553458526733172,0.06422660430229782,0.06639676539875741,0.06119307303302103,0.06494840282730961,0.07080599977399958,0.06853412312345165
527,0.0,1.0,2.0,0.25,10.0,1.0,0.05118533234098469,0.06284322086787895,0.06427944766359815,0.06122238093882099,0.0640102026058819,0.05892598086136505,0.06707420716172775,0.06496863941347154,0.06919858450174901,0.05757313167983243,0.068669127208595,0.06291223739777366,0.06766337344616043,0.06204900244672054,0.07226138131428034,0.06560818398236634,0.06718385462667245,0.06837130423994289,0.059594981639465666,0.06891734582305863,0.0618740333611627
528,0.0,0.0,2.0,0.5,0.1,0.01,0.2064214160229839,0.2518049531758814,0.26294295923305355,0.25469542671935425,0.28172691711398457,0.26116581723962046,0.2785312767548711,0.2681206490650212,0.2552247101104942,0.2707091666054643,0.27165837039788854,0.24230552132647482,0.26861566298185263,0.27760202804005174,0.2566407854570579,0.2833403993572041,0.2674764142930511,0.27136760154491313,0.2580866869317226,0.23165557739820228,0.2842863224379642
529,0.0,1.0,2.0,0.5,0.1,0.01,0.20652405123245607,0.2871248708220211,0.2717537729601062,0.22891231050539787,0.2749359667974326,0.24877957898823505,0.26070570850997843,0.27388909874339196,0.29382935393990556,0.23457851739002716,0.3015754231398363,0.2737948642527017,0.2712409561575038,0.2782673584185627,0.27898356677793684,0.27824516902848534,0.23972226065510877,0.27657996893209463,0.2737160302107866,0.2695307513717229,0.25845287786727766
530,0.0,0.0,2.0,0.5,0.1,0.1,0.19269129108719418,0.28318285679374794,0.268686601425498,0.248545820773165,0.2701778283107002,0.28279541081126947,0.2692467938551014,0.27063799126076327,0.25415643439911634,0.2605116490228138,0.27055680996226045,0.269166945423358,0.2659947177150793,0.28607282684840474,0.2472190898113512,0.25738208418205993,0.25219226493523006,0.2653542406560993,0.2967124192000419,0.24508676923937206,0.2636117723607169
531,0.0,1.0,2.0,0.5,0.1,0.1,0.19282087229023268,0.2739921503018475,0.2762569517460239,0.28268246856108603,0.2745923213522156,0.2573877932991265,0.27803741412065053,0.25545764207972427,0.27611725938466375,0.24039500359754093,0.2635002060398898,0.24623551930015966,0.2724194294544849,0.273943871630044,0.2771856725798419,0.26615990784511095,0.2514882329682666,0.26533877307757764,0.25087596917209554,0.26457524129872434,0.25980596432204395
532,0.0,0.0,2.0,0.5,0.1,0.25,0.21402398194275057,0.2677959310468139,0.25711577257450396,0.27442692691578796,0.26408203016474724,0.2803301443930339,0.25252092821271116,0.26803354071180874,0.24386291766512763,0.24837512367276213,0.26237230473862494,0.28125307425252716,0.27899065577612525,0.23969606020168707,0.25642319612331593,0.27848791631707737,0.26122042032789566,0.23047050756469556,0.2686729266987022,0.24764003402245652,0.26109903734423046
533,0.0,1.0,2.0,0.5,0.1,0.25,0.2141252127144402,0.25889722576179486,0.2671233419903969,0.2611088150108026,0.2673559594281539,0.2523362606713138,0.26210155986679756,0.2561526515870388,0.27491243082442823,0.27130222317848113,0.2579747312692203,0.2723191581849153,0.23854392877441,0.273777412615129,0.24776069546510002,0.24942875374066611,0.26820669349909515,0.2720948003447866,0.24476503151142492,0.28942634739495904,0.27527252977389605
534,0.0,0.0,2.0,0.5,0.1,0.5,0.18966313196367207,0.23707258642554538,0.26503295914624825,0.2779778649670784,0.2848939564305774,0.2843386632444017,0.2693932028323891,0.25233752674778437,0.24736745034744986,0.285253510442099,0.2608339560309728,0.26572497847643106,0.24811550126430285,0.26171483216780234,0.26845670691165635,0.27548565090531746,0.2840229852221235,0.27541634499996076,0.273398468874829,0.2661747018265384,0.2776572553421648
535,0.0,1.0,2.0,0.5,0.1,0.5,0.18974045567376924,0.26464368819050876,0.2733109591901308,0.2440220329988688,0.26236111736585316,0.26194689767270035,0.26094646653605413,0.2751271677854368,0.26811134707754863,0.25791235750127034,0.23549414235160648,0.2622002789702638,0.26105965134902426,0.27228685128507074,0.24492232499783148,0.2897081458221998,0.2770972580141764,0.2704045904485224,0.24286886099884378,0.22888147680246007,0.2911853338028825
536,0.0,0.0,2.0,0.5,0.1,0.75,0.19288254660896617,0.2629204339643996,0.24872093007844615,0.27096299599549867,0.2671538933482855,0.27856987146359813,0.24862191841735362,0.2439481142383006,0.2512589054931838,0.270793270874321,0.25540380814622177,0.26345439418398686,0.2609123173262934,0.2762245096684209,0.2701908731115606,0.2605591134508135,0.2630139317370079,0.26518003976245463,0.25612807882207866,0.24476113091742027,0.26344674335136375
537,0.0,1.0,2.0,0.5,0.1,0.75,0.1928814294130035,0.27904679533660953,0.28967703852218196,0.26270687817372146,0.2496052614090754,0.25707284095322946,0.2566532106217584,0.2542232444607088,0.273063265631169,0.29288117572396416,0.2687714762178275,0.25080329882789704,0.26312221711826494,0.25481580024939066,0.26759503447501404,0.26622448587055,0.2719180860342158,0.27090061334574145,0.2443996257884227,0.2401713105654458,0.24887508466702749
538,0.0,0.0,2.0,0.5,0.1,1.0,0.1903781998846678,0.24624938205141192,0.24407978390002905,0.26870449321150724,0.2451050846057319,0.23853834127189547,0.23512664295563668,0.2667466894325891,0.25302674032964195,0.24564073478658266,0.2461658544215233,0.2748656109951162,0.27706381180328354,0.2816238547060296,0.2675761169623558,0.2662709775974452,0.27762389784926844,0.23046989189712813,0.2933996316176543,0.2524982191746138,0.2633138169596815
539,0.0,1.0,2.0,0.5,0.1,1.0,0.19048703595581,0.25780443443654333,0.26280769668797604,0.2362598565002847,0.2653883119952214,0.24807297170392803,0.29292151790515164,0.25266312206282143,0.25790709682290436,0.25852349637180766,0.27315584246964536,0.24312492445061293,0.25706505448032146,0.25700314912811817,0.2769906486311107,0.27968423104083956,0.23559652954984694,0.27323562003709834,0.2535811134775373,0.26258716983631136,0.25419473172633394
540,0.0,0.0,2.0,0.5,1.0,0.01,0.22147273849900848,0.2528214741696309,0.26474142221922636,0.2517837324082505,0.282765634548358,0.2789714404531487,0.27292051833687025,0.2424688300453497,0.26255665041985804,0.24025736536271178,0.2710899167364657,0.2306119613318342,0.2736842230720689,0.26503689677267983,0.276702247655468,0.28878568621622547,0.26893754599866837,0.27081914829056586,0.24651458626522327,0.2824262452041183,0.26788374291205175
541,0.0,1.0,2.0,0.5,1.0,0.01,0.221594327214623,0.2577991938655092,0.28861723212174895,0.26338101962729943,0.2879267708979318,0.22723194189541213,0.24733599749592622,0.26150539055509764,0.28984953615199194,0.26286929226428213,0.24958709087692313,0.28502960226621343,0.30439082931394307,0.26760799448979783,0.3006744897168216,0.28238482693650263,0.2779937724837515,0.25172416406035814,0.28899864870411696,0.2627719753313511,0.25526255453281793
542,0.0,0.0,2.0,0.5,1.0,0.1,0.1840534954447803,0.27774183466748953,0.280097832445031,0.25275726787170644,0.27483416100746527,0.2894096861715151,0.2464801934920507,0.2593219958449457,0.27366549101322346,0.28690174099718324,0.23940069496521027,0.28707817390356716,0.280735621607995,0.28808633340365297,0.25986675532565523,0.2839307499589155,0.260523913864982,0.24794638896572183,0.2688906585618014,0.24266634211325355,0.27265551905487045
543,0.0,1.0,2.0,0.5,1.0,0.1,0.18399791990836706,0.2595127218759634,0.3091617015478807,0.271567729576504,0.26869954850183514,0.2596952070909018,0.2707403965339299,0.2625048875597817,0.27897255706483587,0.28067212828702787,0.28037889755220946,0.27545195135569794,0.2771299492667595,0.23771712150306518,0.26638325186827416,0.26396544384368115,0.2732831333275755,0.25566196052354945,0.28251400793654996,0.2638638069805999,0.272213963857233
544,0.0,0.0,2.0,0.5,1.0,0.25,0.2039644765528868,0.2629924961189901,0.2359492018953414,0.28830262807062057,0.2746729935801268,0.28044121315903153,0.27832503183109575,0.3068745629751296,0.27933797522240394,0.27664052696642377,0.2665036086960627,0.3043237445214234,0.23573487902895904,0.2584577278250436,0.22601081696614272,0.2676352064571319,0.2705445214437359,0.2541856239178845,0.24834902805793477,0.2529589662204534,0.2618922382178314
545,0.0,1.0,2.0,0.5,1.0,0.25,0.2040215337699171,0.26682163823292276,0.3152956007026236,0.2728486591102133,0.22985263438832362,0.28116395584758436,0.26292007598897543,0.25814695496834345,0.27443408832685934,0.28814040056119267,0.2679581878794823,0.2652201797497473,0.24590700794925027,0.2908868438892551,0.25825862526736676,0.2539165647957533,0.2610694913822383,0.2802907092646047,0.2817396511393051,0.25506064953210816,0.2703219900582414
546,0.0,0.0,2.0,0.5,1.0,0.5,0.19278491403115927,0.26967209253378643,0.2715357922059075,0.25861129140704814,0.25593608058764644,0.24277527735376447,0.253866170204334,0.2715025330723592,0.24938714349893235,0.2803605307883169,0.26957994456273654,0.2658619275066984,0.2814718337319211,0.24571626832656912,0.2861511777812582,0.28199223343463964,0.28336108947494204,0.26719804221732674,0.27090534153649104,0.2808214601972176,0.292003363605908
547,0.0,1.0,2.0,0.5,1.0,0.5,0.1927683732062966,0.2860304972060407,0.2474365214088426,0.22441479588306135,0.22400587518411025,0.26516068277276456,0.29179443940245126,0.2667685035709347,0.24345357835713502,0.26670934003081065,0.25959084156130546,0.28864501338485327,0.2693667982379301,0.2684279793803443,0.24349068764989587,0.26823506424040594,0.2631296977527558,0.24299323827250552,0.26910726921768635,0.2594345717382781,0.28618682307837345
548,0.0,0.0,2.0,0.5,1.0,0.75,0.1962568541239091,0.263846346877403,0.26372116084182456,0.2466851573000532,0.28348339415404733,0.2375571506495795,0.2607721875533157,0.29182217983850284,0.2424430881547147,0.2222395898763082,0.2591121026023412,0.238630085941579,0.2622627953951086,0.24589875926909857,0.2504598708145086,0.2724697937262033,0.26945964518447024,0.24092471990819422,0.260483324485853,0.25329585612738464,0.247994558101704
549,0.0,1.0,2.0,0.5,1.0,0.75,0.19638259016074147,0.27397175641128385,0.262078414663245,0.24210662230579413,0.2621862728815968,0.27266536075659314,0.25368044416658553,0.2455029440097333,0.2707718415208641,0.24888897177938074,0.2433529465848443,0.2447688385390301,0.26712206295984914,0.24849662344451418,0.23648757990447758,0.279532143904222,0.2731328235601727,0.29334181884759597,0.23923407356635554,0.27426280216217247,0.2774358275861079
550,0.0,0.0,2.0,0.5,1.0,1.0,0.18819008740182513,0.2840576775615326,0.23759410055671565,0.26004231595111926,0.2828434991153338,0.27301632011001825,0.2335227560128945,0.25761202981546205,0.24777774342190595,0.2606066991827386,0.26391669087790937,0.2685406864992036,0.26128277944376055,0.2526726562015874,0.2674063188436633,0.24104483160338755,0.2748217637026327,0.2723936250199358,0.2606413980997802,0.2646785404934615,0.2832358658493752
551,0.0,1.0,2.0,0.5,1.0,1.0,0.18832004637369465,0.2579754854279241,0.2506945319700487,0.26085342133488637,0.2705164062482786,0.26885397565088026,0.247291054598253,0.2945150669091036,0.2595348165946494,0.2493026161012187,0.2523483522089119,0.2509175746439952,0.25676217051582173,0.2687710749341047,0.27149502825341454,0.2715701976511308,0.26900817301725877,0.27158783376189705,0.27612679290979925,0.25466380435739483,0.280182459928191
552,0.0,0.0,2.0,0.5,5.0,0.01,0.23856341223616317,0.27572296578242367,0.2801491880067517,0.2717400395576345,0.27183168443732153,0.30714767425540335,0.27577653921167594,0.28372365085772877,0.26513264179170204,0.29403560260478423,0.3046441886663417,0.2804769862223916,0.3343055124979935,0.2615974907476994,0.26951624148807757,0.26637372299214823,0.30190808105716843,0.2924883260382761,0.2902040047865378,0.27855631321871055,0.32123002030688746
553,0.0,1.0,2.0,0.5,5.0,0.01,0.2387460948405571,0.27065223601150584,0.2906631831657269,0.29963069785739643,0.2832500698334916,0.2884340614164999,0.31905285791361165,0.31608747751474175,0.29535222702257263,0.3267686668074961,0.2819878708924873,0.2940328153486665,0.3064718759148849,0.2895135020941162,0.29751639767800897,0.28071001752490976,0.29946484774036014,0.28168683300066377,0.2646275278251823,0.2983468677554867,0.28701784805201214
554,0.0,0.0,2.0,0.5,5.0,0.1,0.21919010878685444,0.2992204871428895,0.28224794090920585,0.2750403386363447,0.2989728105166297,0.3226626034918425,0.2992868613434731,0.25720971170855317,0.2737671900230348,0.3035835443653677,0.2741396589873764,0.28215728063544737,0.2970007134022245,0.24965233452318703,0.2649537437671611,0.24558149493432802,0.2872244874145294,0.2729822275892116,0.2826281587742835,0.2905029999985577,0.26431359387825804
555,0.0,1.0,2.0,0.5,5.0,0.1,0.21924861423752687,0.28812955681057045,0.26935914958920953,0.2971933085924449,0.2922246117024999,0.2883606746368119,0.27606586018850887,0.2779742113950382,0.2784320020296065,0.28185551313650514,0.2847862577344654,0.28932985863444705,0.28334662078607,0.2869477020462328,0.2776579966150438,0.2900731147189028,0.2838678910791775,0.3126446852904222,0.2676929285324266,0.3265740912715569,0.3183241948817109
556,0.0,0.0,2.0,0.5,5.0,0.25,0.19452956337988614,0.2845931995358949,0.284985782850216,0.2670629538845136,0.2697108127763284,0.2553016649386533,0.26274739744771414,0.283918426342382,0.2775377329823362,0.2806931898985657,0.245940939306482,0.265902852689055,0.2876679445584962,0.2744538913600864,0.2598856232181029,0.2825970920739308,0.2943560147594074,0.2669923244882936,0.2773134040326171,0.28079001814566756,0.2751564561485304
557,0.0,1.0,2.0,0.5,5.0,0.25,0.19474365388643491,0.25894841915430894,0.24651380607798884,0.26050345612066605,0.2569204826735827,0.3045197051033044,0.2397161663773767,0.25238368692554675,0.24883134388079198,0.26833736405814596,0.2854332880518383,0.25186204912063265,0.2774047685204498,0.26614209760462293,0.29137904445327983,0.2470715303436497,0.2748770176596185,0.26669339959056293,0.2634148396547195,0.2613625935625922,0.2962678535508876
558,0.0,0.0,2.0,0.5,5.0,0.5,0.180296771118561,0.27065865077306606,0.2893828288970137,0.25358754188925736,0.26612589411745124,0.25030540710148413,0.23346834824625512,0.25895328669445333,0.24413496116761835,0.2670393202319525,0.2589163558851059,0.2825215629698126,0.24637105923176322,0.26784261869033965,0.2642145912282246,0.2693729047850612,0.25556492834938227,0.29663384916976904,0.25548725692856644,0.2608640216383363,0.25049563441237915
559,0.0,1.0,2.0,0.5,5.0,0.5,0.18039217801568488,0.24791965346711514,0.2457734100857011,0.2562522165300196,0.25882846592593656,0.27870649463999214,0.28051796202660056,0.27107384450515254,0.29136626943270166,0.2486867018313863,0.2581716811802266,0.2624222044929974,0.24727962670380293,0.26676908382043085,0.2838022184845155,0.2558341432909408,0.2904895159125863,0.27914472026277737,0.26578072428209054,0.2691977620063314,0.29340311595469726
560,0.0,0.0,2.0,0.5,5.0,0.75,0.18729113944035525,0.22895450537543738,0.2517932556626826,0.23750124110714213,0.2522578825837334,0.2669305035101458,0.2644076583169152,0.2651639620412845,0.2944175598229573,0.2855453668115206,0.263481917912831,0.25175529052609147,0.2621275781579107,0.24792837330268366,0.24698804153404927,0.2916193617442927,0.23785257599482815,0.26785547511007457,0.24418205087859843,0.27168635931414636,0.23728699356496627
561,0.0,1.0,2.0,0.5,5.0,0.75,0.18729676564254624,0.26876020788609645,0.2547940318307614,0.2729714875497113,0.2689488628827266,0.27230790543867384,0.27790888899074234,0.2631747749011496,0.2872008863807417,0.27446823959661865,0.28495563316075856,0.2854478947040571,0.25329677818337215,0.2744737051218168,0.26002022108482303,0.2441978489389032,0.26134424176136983,0.26505005629032213,0.24153246118968874,0.27951515415464356,0.27594054166248433
562,0.0,0.0,2.0,0.5,5.0,1.0,0.18705377537242343,0.24970288404615404,0.26141212001967845,0.24156000406611638,0.2439576572953729,0.26678761600045825,0.2713463378009496,0.24649085334506055,0.25711488907879043,0.2369666729266898,0.270397480141694,0.27196416532843704,0.2698308050166819,0.26616565696891586,0.2554066979690753,0.26157729774190747,0.2757165940543412,0.2702008886216068,0.2688587043329921,0.27153467897097205,0.28982228095084817
563,0.0,1.0,2.0,0.5,5.0,1.0,0.1870946495183416,0.2469372707917927,0.25212852899427873,0.23736854978694463,0.2552897539366785,0.27565530938023103,0.26561083792706414,0.27440633785056884,0.2647160844230499,0.25271262922547444,0.2850675919973503,0.26184051185648466,0.23199746253849227,0.2667860118806227,0.2749448825332181,0.25770533089747966,0.256850516631718,0.2555502358383822,0.2628018506937527,0.2499008782341133,0.2407404838717514
564,0.0,0.0,2.0,0.5,10.0,0.01,0.29654502529638055,0.36887181666911667,0.35078646092395577,0.37877022540988176,0.3341389579928234,0.3487469136446374,0.38937974972508427,0.40777820662802944,0.38951506278786274,0.38746455637084465,0.3508638991814916,0.39203059593307416,0.3892555969994488,0.4044849820527285,0.3946479135058255,0.36742579449736085,0.3689388493193134,0.3981242995760163,0.3807350618259375,0.3888729825620373,0.39390852379567565
565,0.0,1.0,2.0,0.5,10.0,0.01,0.2966622130339931,0.3772276261150985,0.39340377829549705,0.37602602635121357,0.380673156483341,0.3991623173266862,0.37677248477475234,0.38435434734263546,0.3921448639993276,0.3943950841498709,0.4032169501088929,0.3674563847786399,0.3913762107685381,0.4140506954682793,0.3621113979064908,0.3675639110498269,0.37405538816652156,0.34410454369714155,0.37086598144283534,0.37904112931853606,0.4047959683698932
566,0.0,0.0,2.0,0.5,10.0,0.1,0.2713621642465697,0.3282656313847643,0.33328045496355196,0.3254042424924969,0.3406603966215264,0.31198653612051647,0.3489809329446893,0.3477639984087027,0.3659869861816391,0.3539516808043833,0.3577710781726112,0.3380567239374123,0.3576077228982202,0.32365560451605047,0.333982449267435,0.3495072675838377,0.3102867374054746,0.34952185608533803,0.35448657683418494,0.3536817625403482,0.3339455553499539
567,0.0,1.0,2.0,0.5,10.0,0.1,0.27147537966561963,0.33153759683821216,0.31530823239553357,0.3349557704777628,0.3345122063879233,0.32179159089171067,0.3254776217691794,0.33729710860031703,0.3219083242095103,0.32375444132906295,0.35669457535384425,0.3303664968676173,0.3428366459439303,0.3226514148986744,0.3389397882457206,0.33207532795900885,0.31220295505677975,0.3239466924646803,0.35580325124233075,0.3431137555806628,0.34252295941435246
568,0.0,0.0,2.0,0.5,10.0,0.25,0.23829830671001365,0.26478230716364515,0.28778554412596513,0.2692672507472725,0.27994243131561664,0.2854761449298262,0.2654757994657039,0.287844188498338,0.3073537431791757,0.3044749883693052,0.29499457590095146,0.32029894263425557,0.3063772779981943,0.28974826224037814,0.3142636226970253,0.2990749261060314,0.30811099742189924,0.29795587656705386,0.30055467299335104,0.2741005023101418,0.29590382492511225
569,0.0,1.0,2.0,0.5,10.0,0.25,0.23847732941904032,0.3148515521736488,0.3195992338875494,0.29053061565239324,0.2932835433875373,0.2829934067097609,0.2711608593803035,0.2852390598640041,0.2880208040711705,0.310113328121363,0.3225445673289932,0.2965860068271494,0.26084178528361995,0.301284869095497,0.3000471071947755,0.32278279394213794,0.2981077927705682,0.29240733079390385,0.27985023560317107,0.3090017456826058,0.2811393819739749
570,0.0,0.0,2.0,0.5,10.0,0.5,0.20758836776488998,0.2618721972503573,0.29473890394568925,0.27632090995955416,0.26038047418102234,0.29204055914949795,0.266157826655562,0.24091474873424923,0.2688384696915579,0.2720125998215566,0.2614583130055396,0.26605436118778286,0.25461326190598427,0.2827978740887975,0.28147813710032804,0.2713375611444507,0.2747098534575935,0.26725953508350175,0.2759421834833755,0.289097270786482,0.2830686348174656
571,0.0,1.0,2.0,0.5,10.0,0.5,0.20772843432988566,0.28329820551681795,0.27892929086763996,0.28606565888336716,0.2752435445890932,0.2804947536119592,0.2518762478218828,0.2612864412465982,0.2693702051884296,0.32806829977008045,0.27290642702524276,0.2767237060780976,0.2746459846495195,0.26117369362449144,0.2691614868104017,0.2574056269501223,0.292889934338461,0.2882721887431082,0.27730485999527893,0.29960400847249674,0.26631529379119045
572,0.0,0.0,2.0,0.5,10.0,0.75,0.2410519199636863,0.2637049148821132,0.24922105186735302,0.24460032005655158,0.28162965270496837,0.25440114243962453,0.24622105237414044,0.2467453004971316,0.27843924301633466,0.2577138345961833,0.25173620318908385,0.2574008936839306,0.2428550398052025,0.24877275544991936,0.28675918253451166,0.261440850017287,0.2743341939326394,0.26342705645851494,0.2681250015437268,0.27000287207362317,0.22938457282347513
573,0.0,1.0,2.0,0.5,10.0,0.75,0.24113608910656303,0.27675053043175696,0.26419086365264055,0.2517414498443179,0.2314435008974754,0.2754898235766944,0.29565891926672677,0.2785650967401111,0.2636042713494131,0.2855889662772773,0.2854412663045667,0.24657653522254608,0.26232852166261617,0.261296637576655,0.24674924005335075,0.2629994905761364,0.24840652418417503,0.2631161858122984,0.2688017726210247,0.2580781934221518,0.2615299882791762
574,0.0,0.0,2.0,0.5,10.0,1.0,0.19814720854260204,0.2495890789628393,0.27320157881973794,0.25084204054908665,0.25062735237914163,0.2707353994551339,0.262495088072585,0.2494082901309142,0.24036396424706527,0.2531296061519693,0.2840867030539327,0.2731183448356128,0.28545947430334284,0.2710155628003628,0.2583174223630759,0.25285786175778285,0.2658130318379316,0.28393173467746785,0.27022430850913887,0.2631354117615281,0.2781281220353152
575,0.0,1.0,2.0,0.5,10.0,1.0,0.1983180989733434,0.2515539922711731,0.2535549520782343,0.2551467923321062,0.274870397606071,0.27915332507398877,0.2522022056662091,0.26795954755154133,0.23437981130408708,0.25293917567140795,0.271663350884295,0.23072159865746775,0.26645343119681697,0.2781547898442814,0.25955192620507533,0.28468708637867823,0.30040691772399014,0.25702006178805403,0.2730594514327889,0.2645433345335988,0.2777454789791519
576,0.0,0.0,2.0,0.75,0.1,0.01,0.39535154002529455,0.581022358794942,0.5814355755457434,0.5700116202272739,0.5537289753876219,0.649797807359058,0.6657237759192103,0.5546275339647218,0.5962234764649762,0.5850102309150567,0.5724052948366674,0.5549602891235201,0.605321125896663,0.6324419811077778,0.5313255320841465,0.6571905412065285,0.5630864870435005,0.5889638836844924,0.5841497878223922,0.6258230137895743,0.6458355557057798
577,0.0,1.0,2.0,0.75,0.1,0.01,0.3952109578404781,0.5244176696262213,0.5775698796377087,0.6120947793922258,0.5733464875404775,0.5532617573735477,0.6450691164805644,0.6077536497547157,0.6191274357854287,0.6247031925168658,0.5817493117482272,0.5839031266661047,0.5831045266508017,0.6042187052002468,0.6198477392160766,0.5781829020398829,0.5645395453688756,0.5832264192056071,0.6114736660205985,0.6001862116466841,0.5508781069056369
578,0.0,0.0,2.0,0.75,0.1,0.1,0.4199080834853076,0.6027256603664232,0.5949425244977335,0.5712218723967,0.6022084677760486,0.5702107138364597,0.5300189056543839,0.605171613249312,0.5806441679217498,0.6178006621003257,0.6514481171259195,0.4900644727878448,0.5778539151583367,0.564520391822384,0.5609258582854966,0.5984021288645394,0.6163926656111722,0.5844270577370005,0.5528207850702661,0.6939404921917378,0.5843348413027362
579,0.0,1.0,2.0,0.75,0.1,0.1,0.41989084033860075,0.5393017744814502,0.5527733960687515,0.5862525629957781,0.6508115389027377,0.581937197160574,0.5961971471737437,0.5712371375385124,0.5672997114911215,0.5802191394182119,0.5689099608496135,0.536008752655058,0.5885010377980141,0.5725671608143599,0.5495574798727111,0.5969293048713261,0.613395081083981,0.6193806000836659,0.5555418613040949,0.5699756035358979,0.5184427985272821
580,0.0,0.0,2.0,0.75,0.1,0.25,0.4697382574319976,0.6013191137747464,0.6040934599439503,0.5836230666821368,0.5607123718377878,0.5905338884891667,0.5740733848242027,0.5836132768401474,0.6102663861590156,0.5947141239663805,0.5885880360407908,0.5872750336856795,0.5703352857726722,0.5720435112390402,0.5944669306089989,0.6021779651171167,0.548134861466093,0.6451575260320338,0.597091990908609,0.5694313862757205,0.6201125570127204
581,0.0,1.0,2.0,0.75,0.1,0.25,0.4699976625424819,0.5499156989095377,0.5925598173038812,0.649910511806496,0.6053479703936328,0.5808925649508224,0.6224576241255274,0.5841089220662598,0.5475958928676251,0.6346448388838369,0.640941514091975,0.5796354949186356,0.5809286158181237,0.5637938491835757,0.5746219598726977,0.5538385550853911,0.5943112100598759,0.5780360300239815,0.6019271345591798,0.6079587228200605,0.6203290751690335
582,0.0,0.0,2.0,0.75,0.1,0.5,0.4747259313637575,0.6037172974797206,0.5371825272325704,0.5584566687905111,0.6367142426651259,0.5753749956496503,0.5814026992976852,0.5908354536210947,0.5649151892373265,0.5963578715306871,0.6387301691283518,0.5399771689458163,0.6511057273697808,0.5347726125055242,0.5710775610506679,0.6131632480695519,0.577664455047033,0.555936986188176,0.601932812847742,0.6348780744658258,0.5746691314804915
583,0.0,1.0,2.0,0.75,0.1,0.5,0.4748398975491451,0.5736438501211837,0.6256777535651962,0.5420204822555882,0.5911290425820566,0.5781040550106374,0.5646291156439279,0.5725391752098788,0.5723895673501611,0.587353995399152,0.6138097003985251,0.5508036830733121,0.5322290472147749,0.5818435293166414,0.6361419405595095,0.5647146124682074,0.6029672342311758,0.5634878285325975,0.6386476131614779,0.5767357781151426,0.5135834644345401
584,0.0,0.0,2.0,0.75,0.1,0.75,0.43486380133549335,0.5147908810610026,0.6617293688011748,0.5656979961841861,0.5447907784433313,0.6034889834307423,0.6372003992437523,0.5351549875395768,0.6736561696499676,0.5913102965604133,0.6048909210659572,0.5951305106052843,0.6142005563762408,0.5875844774028869,0.5826114968269758,0.5553093990242234,0.6009650103717364,0.6781471423389769,0.6561674332251729,0.593882859108554,0.6142780638778075
585,0.0,1.0,2.0,0.75,0.1,0.75,0.43510284483041617,0.5665730203891458,0.5355657472682679,0.5684526713445752,0.5663520999425236,0.6319616465666476,0.5660165261761794,0.5932291983659994,0.584511430626352,0.5472304710053826,0.5612042504919493,0.6005715826291848,0.5931835545300568,0.5669246343495915,0.6257172712585182,0.5325196621162444,0.5962798784448539,0.563643380359998,0.5875346558528611,0.5652785967655994,0.5798677709282501
586,0.0,0.0,2.0,0.75,0.1,1.0,0.4424322239705774,0.552549750330832,0.5974453614287207,0.5714544966699822,0.6018910125663091,0.6266775935852119,0.5926023315624623,0.579563678765696,0.6077543621761722,0.6135794551737276,0.5889384005720333,0.613592189890388,0.6175553909394145,0.5205717593444638,0.6285017262574696,0.5694241560854705,0.5641887753507806,0.5887003245172892,0.6246760553377603,0.5972506827277041,0.54698287848476
587,0.0,1.0,2.0,0.75,0.1,1.0,0.44249418199285473,0.5738357708038014,0.5924989888283215,0.6016858437310744,0.6082881689300681,0.5356836888240245,0.5151064623863502,0.6460705690376426,0.5818641744223192,0.5839074117938254,0.610432208018976,0.6032824717400246,0.540395090310807,0.6174788920395008,0.5866413911907573,0.5365035690122429,0.5526454266691394,0.6558421045816507,0.6622056825244955,0.6117111378174671,0.570849230551596
588,0.0,0.0,2.0,0.75,1.0,0.01,0.45360744581706475,0.6139825871699922,0.5579458766616844,0.5640757962296332,0.5644389396654865,0.6102534209899848,0.5830809090335273,0.6042569439008797,0.6143194822659589,0.612660181462889,0.5567778747740207,0.6165499302982425,0.5980053501963224,0.5960745064732491,0.6349685108235696,0.6301054307504029,0.5640165412151946,0.5691952974116128,0.5812613065721571,0.6468774693054911,0.56431301600699
589,0.0,1.0,2.0,0.75,1.0,0.01,0.45379041977554035,0.5613940167496086,0.541695787044219,0.6076346517230788,0.5702328823294535,0.6201928537616981,0.5383237613633716,0.5451866932035433,0.541840159894081,0.532912261548823,0.565237621657264,0.604395615326882,0.5584278396927367,0.586978389202488,0.536963022801548,0.581909969484629,0.5894869764028219,0.6103356913201408,0.5846889687265827,0.5813291895205668,0.5733295657325213
590,0.0,0.0,2.0,0.75,1.0,0.1,0.4075469297468523,0.6137835273630226,0.61142220983731,0.6004651625487528,0.6139507599461139,0.5991264181320962,0.6227901068629497,0.6273145015198694,0.5727920469865988,0.641239783695539,0.5568977942729606,0.5976237657154787,0.5427439044467101,0.6290088577461646,0.6254322300603294,0.5156013490133281,0.6265204773900299,0.5962251588516352,0.5550981367732784,0.5487322759877087,0.6163192710891231
591,0.0,1.0,2.0,0.75,1.0,0.1,0.40770124121022344,0.6165272489705141,0.49744589454901705,0.6020938431758232,0.5629237937195724,0.5462675081192548,0.582741056306232,0.5566137766480537,0.5419333068665732,0.5736274022005126,0.5696754200650291,0.5930449540014977,0.5798343776243153,0.6345366386622311,0.5961214139303896,0.5760951035209818,0.6330795718144177,0.6149434981113547,0.5754407421332779,0.6035824694268377,0.5696192018200213
592,0.0,0.0,2.0,0.75,1.0,0.25,0.38471024137597165,0.5636387149403287,0.6299156611027913,0.5605253909773722,0.5729937422733168,0.6324362905789951,0.5443129767519446,0.6080972358924961,0.6088022220220141,0.6290930800653085,0.5712147761144853,0.5862576831104247,0.5383635013658701,0.5877531288950869,0.6232508294865714,0.5886461142340164,0.6082143586632579,0.6155712376697339,0.5496962212786566,0.5807501613198301,0.6542505032484287
593,0.0,1.0,2.0,0.75,1.0,0.25,0.3849214375348189,0.6332204074863574,0.5583697811248481,0.5804776727828603,0.6424343952775696,0.6065711487300292,0.597912769170571,0.5475566918275937,0.6282930123500331,0.5961685213395458,0.5779649907302618,0.5193496239617461,0.6296934585095638,0.5779857220617086,0.6136618860713359,0.5756032809751152,0.5678329295252337,0.5579403198421153,0.5803464654418845,0.5499997584537114,0.6117107143981825
594,0.0,0.0,2.0,0.75,1.0,0.5,0.41338621200369235,0.6042587162365584,0.6501667697112902,0.5487955194611641,0.6196475042787379,0.5634088133679914,0.5428856052312209,0.5774054867961322,0.5985843693232148,0.5823841784503555,0.5885766344794457,0.5602899537147703,0.5795648897975639,0.5831139394709517,0.618916673923001,0.5300825886349032,0.5717854513399707,0.5784131320030418,0.4890529694517792,0.6219921370890283,0.6134389628354168
595,0.0,1.0,2.0,0.75,1.0,0.5,0.41351571106798984,0.54966802328122,0.5342485441727395,0.5488668980975988,0.5767215560329598,0.5775792673844062,0.5915257527324889,0.5948523940902599,0.6173188261564008,0.6056608607310332,0.5664594754168103,0.5669146427504296,0.611525624825332,0.6114505330750104,0.6030935721229358,0.5774384279139234,0.5861039261506621,0.5452032898371907,0.5534592210045793,0.6389963320061163,0.5511949195828254
596,0.0,0.0,2.0,0.75,1.0,0.75,0.452548921607133,0.5685792375146238,0.6039277083817781,0.6007849640226014,0.5525432357012687,0.6064991072404511,0.5562812603198743,0.6308877447962106,0.604247771755911,0.5510788337941611,0.5535562198508671,0.5973833152171795,0.5906586868809679,0.5072536258792049,0.6009469482836245,0.6081514110928652,0.6172092787853629,0.5660461769327779,0.5869421479364559,0.5415178060839143,0.5967274881745952
597,0.0,1.0,2.0,0.75,1.0,0.75,0.4526817650431327,0.601529178742577,0.5564991387045475,0.5306059010296592,0.6308634603693177,0.5813414577018243,0.582606331882765,0.5604592894241146,0.6326800425650101,0.6056375407620074,0.5910449741567516,0.5867431158766553,0.6377148725809221,0.5569137899532863,0.5775319100467388,0.5751172943064368,0.6175727788723729,0.5669667564852869,0.7037661955083881,0.5813568907651673,0.5318463331704641
598,0.0,0.0,2.0,0.75,1.0,1.0,0.4599829328609656,0.578302112651534,0.590161835518977,0.562372916029042,0.6048978500485217,0.6637208010465548,0.601214096874956,0.6476288961045699,0.572442626692382,0.5823216676345773,0.6181612777919488,0.6693016213239747,0.6118375699253774,0.5651753066980947,0.6262674829552287,0.6023777542615638,0.6018687827843916,0.6121517105487317,0.6117020174451967,0.5668923803097734,0.6160184239213676
599,0.0,1.0,2.0,0.75,1.0,1.0,0.4603568398580166,0.5809318378001402,0.6471425035240649,0.5788895025818597,0.5254283732820478,0.5921746571845119,0.6242639598223035,0.5694797985873813,0.5688153319360791,0.5745062274115805,0.5805081362039464,0.6028701440189294,0.5902690975555097,0.5458508628408011,0.6310175303320198,0.5899176896964855,0.5547841295627064,0.6109330712524544,0.5841103190624839,0.5946067530699198,0.6060765125080344
600,0.0,0.0,2.0,0.75,5.0,0.01,0.4137043702621001,0.5989298977881821,0.6052020199597631,0.5981722053308558,0.6456442804699766,0.5970897580892525,0.622606911978828,0.6192828900137879,0.6108532386891028,0.6237955312860691,0.6735297872548939,0.5816035807719987,0.5937204226906412,0.5492921635007902,0.589643579852774,0.5928796494094027,0.6468491381819167,0.6151659668214059,0.6407974117836551,0.6308730621735016,0.6109605422156504
601,0.0,1.0,2.0,0.75,5.0,0.01,0.41363556441494675,0.630384698628256,0.6187799731711647,0.6297264565682437,0.7051132449686356,0.6140820864474122,0.6209885988901928,0.6110740892017696,0.6569740933094126,0.6041722746543994,0.5872571959630359,0.6098264688125351,0.6395472348648507,0.5815420610353419,0.6151827855150787,0.5944403130159408,0.5657205415910175,0.5901548322728629,0.6105123808248941,0.6250056087909058,0.6437590949655644
602,0.0,0.0,2.0,0.75,5.0,0.1,0.46193794044205416,0.6102637118033793,0.6318573654406198,0.6323027047264899,0.6618550291133242,0.5951521341605909,0.6343721944534982,0.6347258088265049,0.5950065315801981,0.6235065218743013,0.63875772348866,0.6336627904279505,0.6337177004058216,0.5679897437918844,0.6667234234436797,0.6110140119045209,0.6098737025446107,0.631190190373285,0.5595066854817292,0.5953539905599071,0.5824122597446548
603,0.0,1.0,2.0,0.75,5.0,0.1,0.4621339007659115,0.6135738677498456,0.6364953212114012,0.5662833302889683,0.6654795216127701,0.5971017172728823,0.592854784018344,0.6364770368789604,0.6151108492258907,0.5575772673195875,0.6836170623888435,0.5784395289117867,0.6230593032915355,0.6412325755921767,0.5667923417898385,0.6366032107129428,0.6259093050938385,0.5994175548388563,0.5833236232528637,0.6505776800819248,0.5965696819150539
604,0.0,0.0,2.0,0.75,5.0,0.25,0.4646946839069564,0.5763018023389436,0.6118694221301896,0.5844315617054998,0.5802737842913388,0.5554553140758904,0.59627757459191,0.6319113992034273,0.6117510561312459,0.6021252813371313,0.5418685931872114,0.6507382824543794,0.6506030778364332,0.6245767247288272,0.6271911806713598,0.6824276534037308,0.6434341935642283,0.6262057426859357,0.6218344115017781,0.6613004423517017,0.6090141009509827
605,0.0,1.0,2.0,0.75,5.0,0.25,0.4648087321814626,0.6053199082069696,0.598476563332017,0.5758306040440551,0.6449679055106357,0.5981604056165997,0.5789512946628095,0.5918459648976939,0.6367277705995887,0.5980096905433288,0.5696095410321363,0.647299460145263,0.5958585314517358,0.6176422295569162,0.559470404448045,0.6202870275915524,0.6242731408195372,0.6411666551332716,0.5625169894136542,0.6189746169112718,0.5098547733291422
606,0.0,0.0,2.0,0.75,5.0,0.5,0.42634446155733186,0.63867696026654,0.5620291093992216,0.5444982092023302,0.5666452999188537,0.6009871906659751,0.6118525719454324,0.5893627371497154,0.5827475640293085,0.5723465073832608,0.598336067209399,0.6169739604795687,0.6061196955456193,0.5862295516824062,0.604966873792965,0.5682482342477019,0.6318070897661778,0.5989217615303036,0.6378659543920934,0.6033502921035456,0.5362657816279313
607,0.0,1.0,2.0,0.75,5.0,0.5,0.42638948328871146,0.6338145352017246,0.6347700949056192,0.5423744527243203,0.5489035452874205,0.5595485215769535,0.5558431741761389,0.5402087652988792,0.5791275603419364,0.5855138264151921,0.5681986722735967,0.6013463197237887,0.6230993350398789,0.5621257931273014,0.5654071875007979,0.5482096813460889,0.6016938150978707,0.5999752395373503,0.6012181947935537,0.5819466681937302,0.574613917569951
608,0.0,0.0,2.0,0.75,5.0,0.75,0.4138253315378244,0.6380681534796648,0.6388987600297491,0.6230675755208058,0.5823369954635069,0.5756380368891285,0.6595221481461782,0.6150552340890143,0.6017900838433368,0.5385520373903941,0.5992767219515528,0.6224500524037627,0.6320535577294022,0.6366278195836896,0.5578944198282092,0.6109313453574776,0.5918873145526385,0.5931918288797353,0.5582572750707127,0.5749383318728922,0.5972279436784469
609,0.0,1.0,2.0,0.75,5.0,0.75,0.4138056744706024,0.6514880621524677,0.6067170828212013,0.5864051463405578,0.5784306968490539,0.6211829728487521,0.5791512575144067,0.5858286799951713,0.5313030251984947,0.5333003234067792,0.5772888128180294,0.5769349369094541,0.6418007636806112,0.6630734515539545,0.6685117299547115,0.5444012896943253,0.5470349125951373,0.6004393782910865,0.5899180977491495,0.6425360872562456,0.5596040813136338
610,0.0,0.0,2.0,0.75,5.0,1.0,0.45420368635111263,0.5829180361467866,0.5747534608384401,0.6035929476295612,0.6198391196761632,0.5783351686913797,0.5774621606494187,0.6049553699955502,0.5605621607104475,0.623906071495558,0.607949262304632,0.6374514187214247,0.6226343186643102,0.5849869484586437,0.6192019838983056,0.5892332641739069,0.5769657602788243,0.6246890245621225,0.6174296703544658,0.6069927351174108,0.5740545390655676
611,0.0,1.0,2.0,0.75,5.0,1.0,0.4541176060858199,0.5939412263937698,0.6233937895996982,0.6259995977138882,0.6153476026219885,0.5724285705387766,0.5704677641083836,0.607307811810295,0.5865862586313545,0.5784941335123098,0.5810508136431052,0.6041510168047147,0.5782340635432007,0.5898283572888792,0.6086118828138452,0.6335519125553803,0.6251184195221081,0.5438746824240005,0.570243902716915,0.5890389484443275,0.5957846448481044
612,0.0,0.0,2.0,0.75,10.0,0.01,0.5754869533147143,0.7740233121730373,0.6597751106521864,0.7015283826097418,0.6841266972125315,0.7105940713891763,0.7292027353420827,0.6776629881457512,0.6949238057125388,0.7001277927514754,0.6277252877292073,0.7069667503355191,0.6347104456685856,0.7275522543933943,0.6513653004909862,0.742410578321353,0.6683252427420724,0.7629309944873809,0.6836494645444203,0.7238637055311111,0.7807193436006673
613,0.0,1.0,2.0,0.75,10.0,0.01,0.5758438117032748,0.6934110734931017,0.6212943150420847,0.6448398655347702,0.7214807840132944,0.7236078644374213,0.7743877896612651,0.6419112742686431,0.7500236290071394,0.7640913341029002,0.7337812728931062,0.704666848524653,0.7186681995513294,0.7177584466909162,0.7304873792804478,0.7292289006945227,0.7262731594175189,0.7293959842268377,0.6225942037801067,0.757017885903481,0.6950237037346968
614,0.0,0.0,2.0,0.75,10.0,0.1,0.5132966693377584,0.670501502150973,0.6707686288583831,0.6837748071024325,0.7446174848081913,0.6517780423997795,0.6761633849081784,0.6665658269303305,0.6250555102792384,0.6516635872030362,0.668954534526239,0.6893398615226903,0.6589680804359126,0.712765153810411,0.6532803838958798,0.7545666297255615,0.6592569012312544,0.6385444232888711,0.6516581509102334,0.6272407254402461,0.6408472151359936
615,0.0,1.0,2.0,0.75,10.0,0.1,0.5134957004646332,0.6483829111944891,0.6516830073474695,0.6944550406404437,0.654760602968108,0.6023875234885463,0.7109648433758627,0.6824839732629331,0.7308630994242254,0.6437374965460052,0.7063714494324121,0.6302641419529295,0.6783184375036382,0.5992339891287156,0.5968380755693167,0.6075821773552545,0.6247431927128444,0.6892507497612332,0.6244475694168102,0.712515772090687,0.6589278564009015
616,0.0,0.0,2.0,0.75,10.0,0.25,0.45403327896026324,0.6934670881225977,0.6728092491826339,0.6575098121293044,0.6932630804683795,0.5994581290496742,0.605691387621273,0.6809848672993964,0.6430967373551177,0.5831436758562584,0.6747570304348419,0.6833264571995727,0.6669992031596994,0.6454008712495153,0.5899658280803034,0.5348500152646462,0.6364222089677897,0.701681511332691,0.5998332623588479,0.6750947977852173,0.6573439512279813
617,0.0,1.0,2.0,0.75,10.0,0.25,0.4543336283760657,0.6156524849656597,0.655883963437822,0.7123784295674359,0.6556096990495783,0.5861152093688277,0.6752617510369233,0.6963394782410071,0.644582938448794,0.6228838761858481,0.5531588725396377,0.5554354397758896,0.6323744782837264,0.6198804917337588,0.6273452797342147,0.6077679860930685,0.6770715781165548,0.5900694952621267,0.5869061796646992,0.6503789844324565,0.606343909870471
618,0.0,0.0,2.0,0.75,10.0,0.5,0.4948230152656179,0.5607639889974859,0.6219039099160069,0.5721573822261924,0.6049118064582368,0.5691823074620739,0.5977138694291952,0.6260332802088676,0.6093492341727643,0.6066522604871488,0.6058743740619528,0.6298931518052494,0.612897738582131,0.5621457107914936,0.646205862903444,0.6263359556470667,0.6263208430343273,0.6328494301115974,0.6103099356140931,0.6260073363999883,0.6063742817823982
619,0.0,1.0,2.0,0.75,10.0,0.5,0.49469866091271103,0.6319998161463765,0.6144152763218446,0.5939390128503474,0.6148474971643413,0.5827128803190451,0.5760301100241739,0.5629124058885449,0.5955995690173226,0.6609270944111147,0.642002648358476,0.6059366773862844,0.5815608209218002,0.5813560939248313,0.5709312325931833,0.5847612205355159,0.6086019357613083,0.6184525753713417,0.539370100856607,0.6763205366076869,0.568691750791325
620,0.0,0.0,2.0,0.75,10.0,0.75,0.45810703955290316,0.5773734607772936,0.5841725260133926,0.579490865706966,0.5809075204868479,0.6361592956540671,0.6190747929036817,0.5340505248716702,0.6184922354672955,0.5714096573221767,0.5909109949950968,0.5744824073566184,0.5643811357747338,0.6230961191389637,0.5656491655687294,0.6449673532306222,0.5738814625759389,0.6143158625759259,0.5726311827881768,0.5587190127813534,0.6346447714665667
621,0.0,1.0,2.0,0.75,10.0,0.75,0.4580076091372894,0.6318629630368253,0.6095972009156544,0.5996572026279764,0.6390303260271577,0.6161204355222866,0.575040519468486,0.5920457910776918,0.5064134664666766,0.5922664481823018,0.5802084222980315,0.5507257756580118,0.5758582136580896,0.5985003247069837,0.5821503802491281,0.6036749529613461,0.6587145583222914,0.5757290967278824,0.5871611315644406,0.5977569698734009,0.5577199750850905
622,0.0,0.0,2.0,0.75,10.0,1.0,0.3999519650530127,0.5793116908771262,0.6097598762404971,0.5816721963695445,0.649954641961985,0.582110433487554,0.5789304103474429,0.5766695387671696,0.5917488515674023,0.5995819095430016,0.5635588741501828,0.6346210110950927,0.5825820164701705,0.618450080710873,0.5955067140109996,0.6110410155983107,0.6091986331764285,0.6120638340987995,0.592238937188139,0.6082346107072888,0.6112470815800509
623,0.0,1.0,2.0,0.75,10.0,1.0,0.3999894213701535,0.5663523429452866,0.5955955842507697,0.6018654764565654,0.6726301507030245,0.6276946210629527,0.5488587617357084,0.5927662948985526,0.6089745496382656,0.5616804366006257,0.6113632217368354,0.5877436567202439,0.6601275201593607,0.5480627090844806,0.6031672135830238,0.5826694281957349,0.5910328938136789,0.6263322782655814,0.5829914898217365,0.5550906276001811,0.6065343936468578
624,0.0,0.0,2.0,1.0,0.1,0.01,0.6660465878459229,1.0947512126918026,1.014335165945259,1.0391785228411854,1.113579745634133,1.0790484226713533,1.07770630611297,0.9860455439800327,0.9883850178801673,1.0506581891373794,1.0343549589269194,0.9275351983754412,1.1153194137215037,1.1782371708111903,1.082655573542069,1.0099263751097018,1.1806527691433042,1.1170093380710064,1.058592768364499,1.1459781985670627,0.9961016613633928
625,0.0,1.0,2.0,1.0,0.1,0.01,0.6669360855935798,1.1208816606735936,1.1452153939974998,1.0379117325583438,1.0931959660713197,1.0218929837701352,1.025275681153727,0.94960711570114,1.0018335027371452,1.0519235448011284,1.0547413381711412,1.0923834515235318,1.104747173583903,1.1125949308604883,1.0160132135834268,1.104066238740094,1.0148009089118293,1.096021437126845,0.9969254345931436,1.011848740446682,1.039317512396795
626,0.0,0.0,2.0,1.0,0.1,0.1,0.7818289475727787,1.05440190897119,1.0095845339431957,1.0302276969405701,1.0677674699711934,1.029745188370995,0.9654032447508037,1.0950740656872255,1.0517469848676968,1.1501011007646011,1.1161257595635865,1.0424114037794006,1.0318389858256007,1.0068488375259508,1.027480417220627,1.0777892090251484,1.1527643866775392,1.141721061799957,1.0200295002027981,0.9796086687484178,1.0898794391511204
627,0.0,1.0,2.0,1.0,0.1,0.1,0.7821400309570077,1.084256846990327,1.122093694954301,1.034036755009896,1.009112191568008,1.1353780313972501,1.0735558405435022,1.0398324648728547,1.0785567027218625,1.0098646507687992,1.0357579850940872,1.1492297742753368,0.920918109360925,1.0905625722602723,1.0866413090705493,0.9594932931376885,1.0045010267229522,1.0594215873445223,0.9651780339049802,1.032438700806436,1.0172424830252307
628,0.0,0.0,2.0,1.0,0.1,0.25,0.8244350385483918,1.0247578357117622,1.0694655708579974,1.0594839008304404,1.0363197523417356,1.0712183584204003,0.9913999079479406,0.9259871195108157,1.0646761396118745,0.9437202576159031,1.1189759658376326,1.0369849506283724,1.0059678267613354,1.077903102621807,1.0738119128235044,1.0934244931159298,1.0103259530530784,1.1905056470759927,1.0230748898949695,0.9571921363830675,0.9596124615101133
629,0.0,1.0,2.0,1.0,0.1,0.25,0.8254493948966403,0.9827236666880784,0.9982893092546932,1.0754980729495234,1.095617091073074,1.0699953823670438,1.0369480748834679,1.0014057600432493,1.0233433067175046,1.132051591449773,1.0283621499217424,1.0836068550756806,1.2352405615557491,1.1309133404924003,1.028146139381597,1.040742377343877,1.0184951484429998,1.0333706586746727,0.9566509270204848,1.0951886472250882,0.9760191893895058
630,0.0,0.0,2.0,1.0,0.1,0.5,0.7946429667131261,1.1205705720450851,1.1760029069565894,1.082702944204601,1.0218220981518127,1.077101652338,1.0178137812189096,1.0422947732541459,0.9956226871244691,1.1045329508170434,1.0244915583369958,1.0708465015322877,1.1277083850877592,0.9892635284069371,1.0815547481589907,1.0783061173772335,1.0236715166931152,1.083291708343312,1.1305754851095777,1.0125790144679847,1.1259026303370328
631,0.0,1.0,2.0,1.0,0.1,0.5,0.7948302425188453,1.0641050112410884,1.078340628705444,1.0818040153847974,1.0724715603736523,1.067049478288387,1.1158154448029804,1.0196975585109074,1.0767636991536849,0.9229431871084129,1.0485551287765695,1.0439626789319683,1.0589097758197603,0.9987183708228887,1.1131065170642054,0.9571195757946245,1.0535704611530268,1.123192307156354,0.9935140027460894,1.022505302770746,1.1218208030597097
632,0.0,0.0,2.0,1.0,0.1,0.75,0.8243738915017955,1.0400956257123801,1.0838272774651196,1.080728048469481,1.0334527860162104,1.0793210496938237,1.0817302835394769,1.0758745813407349,1.0693413410070007,1.0353832102371914,1.1104186670070613,1.0537834504851982,1.082143521750566,1.0168603408732735,1.0050832152115277,1.0545268166301405,1.0937496579225434,0.9811217929674126,1.0970396368142599,1.0375937568028826,1.088674063507212
633,0.0,1.0,2.0,1.0,0.1,0.75,0.8245337460331325,1.03672751843906,1.0533071910556813,0.9982560470034177,0.9853381286249514,1.0432932895275138,1.0020386352353108,1.0517180380978872,1.1183456251048551,1.1631329980085625,1.091188240172901,0.9825810557030332,1.075823447080807,1.0534256410496157,1.1050491244198657,1.0013118803661303,1.089798710236764,1.0823307315874362,1.120907131997764,1.0491150359036303,1.0842645443776784
634,0.0,0.0,2.0,1.0,0.1,1.0,0.7628141179267593,0.9883850332486767,1.156378039234793,1.1195746055629043,1.0216401352889637,1.067139977978792,1.077814280281361,1.0288922582426006,1.0370179185786785,0.9826115056838933,1.0211466688445514,1.0295106174851234,1.0294101463571135,1.0384717180228618,1.1655469083938779,1.005296240635492,1.0733553597466974,1.1555940877663482,1.1433172051777907,0.917485311118379,1.0896884516380372
635,0.0,1.0,2.0,1.0,0.1,1.0,0.7626600085505323,1.1064764250751693,1.1448696375673812,1.0633828647109478,1.08678743544907,1.0614524427734224,1.0636510746305703,0.983136686795031,1.118326736263781,1.0901088685599036,0.9482816809664775,1.1476248419037416,1.0283024631317328,1.1425930181022403,1.0116320031528414,1.0065721450257572,1.0835567004441105,1.1135079311085077,1.0688040271734434,0.8936214888371553,1.0259064097143296
636,0.0,0.0,2.0,1.0,1.0,0.01,0.843871346334739,1.0989873170558606,1.0235348576359997,1.1409331452457427,0.9610608853784092,1.0860576688434338,1.040784335812075,0.9825471524063891,1.0453699880567453,1.0249178597307556,1.044737326896864,1.1541821212987688,1.1404950728152432,1.1367459987254125,1.0234896716837134,1.004654716972401,1.0217715584119031,1.0099453758663894,1.026878828005162,0.9897193610002228,1.0700691799391862
637,0.0,1.0,2.0,1.0,1.0,0.01,0.8443634971813574,1.099879974458681,0.9965032061784106,1.0603463923398573,1.1234267891118854,1.0820938632464336,1.006204083107097,1.0274383393438111,1.0116786410526013,1.0537604325196843,1.1122395489821528,0.9303542618368518,1.0971995645974901,1.0041422474709965,1.0628712662783433,1.0443182218296903,0.9527345302842481,0.9290984462853521,0.9269615330858584,1.123259916144622,1.0025535647617325
638,0.0,0.0,2.0,1.0,1.0,0.1,0.7599913317645937,1.0658282951426885,1.0542762172010163,1.0066661699649675,1.1150128853805221,1.080542287394627,1.0141147531036665,1.1405356476230426,1.1203628775723777,1.0931948761741812,1.051714776340728,1.1323594190688315,1.0212973693229401,1.067352876764048,1.042010021463792,1.0681427709547267,0.9804022278604482,0.9456766166972371,1.0802722333665589,0.9767355041468115,1.0346479236395576
639,0.0,1.0,2.0,1.0,1.0,0.1,0.7611890012219561,1.035035800593172,0.9560548014085085,1.0178856173536253,1.0317802265652423,1.0541235861069647,1.034302486459768,1.0726596676774252,0.9964525054673266,1.165902202485511,0.9045253805247012,1.1155835306548265,0.9924496553723468,1.141773962475285,1.0301066922476358,1.1590625716138825,0.9717174490994678,1.0193792211157278,1.01336705678494,1.0465600970774,0.9775416854189827
640,0.0,0.0,2.0,1.0,1.0,0.25,0.8367965676066171,1.0744502177185455,1.0577790600048105,1.0754668344658704,1.0669841125538646,1.092809588894325,1.085800897978803,0.9484857310037278,1.1014077010899808,0.9717576630616334,1.0590302448319355,1.032934332207423,1.0935211707192178,1.0534261242943226,1.109258080298181,1.0808740035684121,1.0442196271539501,0.9754497537068977,0.9212038796408356,1.0137706694414024,1.0437103647100372
641,0.0,1.0,2.0,1.0,1.0,0.25,0.8371397445873267,1.0134521624616732,1.0448428031345964,1.1305330165182506,1.0897598571539688,1.0710005067855242,1.0472539618093992,1.0161075865718028,0.8854643734810966,1.000837291273595,1.0743175754456202,1.0413717666251545,1.0182752338101582,1.0614235390913234,1.0101797771174865,0.9910700946962417,1.0282319763688683,0.9741144401151378,1.0890770125696425,0.9828002346540389,0.993631402911355
642,0.0,0.0,2.0,1.0,1.0,0.5,0.7627669706839652,1.0833394658045854,1.035880868570861,1.0435133597863369,0.9813692080627306,1.0868693945079253,1.0704185388788154,1.09746053524652,0.9926556582093646,0.9687082404967554,1.0155507652563691,1.0188294800780298,0.9862130552212471,1.052282750552102,1.0326763085566089,1.0364570684739458,1.070295229485898,1.0813573551046383,1.0212619386410515,0.9717077250204978,1.0042135829208012
643,0.0,1.0,2.0,1.0,1.0,0.5,0.7629907892379646,1.0169709717078985,1.0162958654498553,1.0394991975374581,1.1022373074201053,1.0487588216311607,1.053924380227837,1.101985515277544,1.092532057663609,1.0449336273143843,1.0576462343457231,1.066917706392961,1.0940065691235494,1.0898532035279926,1.093608656550426,1.0061314822327236,1.1120958195735182,0.9730349945103779,1.0963388076949152,1.1356220417301215,0.9691698537386423
644,0.0,0.0,2.0,1.0,1.0,0.75,0.7563286114026381,0.9322978692274657,1.0460708595546706,1.1583883774283459,1.022524198057085,1.1070560018373927,1.0382586873810697,1.1219560466832699,1.0091687674075607,1.1186087532011,1.1417661839367614,1.0245808979458797,1.1802312745363441,0.995105156530776,1.055676110971285,1.0138006831798276,1.1285036226356455,1.0424681206379778,1.0272516685121538,1.0405981802139115,1.0803293441474386
645,0.0,1.0,2.0,1.0,1.0,0.75,0.7565965306657103,1.074541886025739,1.0677416521900227,0.9806637982125772,1.1223559691292921,1.0092352799294106,1.1821818940608255,1.0216864253883973,1.095309377635907,1.1532819175464633,0.9366892351232673,1.0205259343775386,1.1642793050606475,0.9257490376758407,0.9664649914327605,1.0353614827633186,1.0471333080277954,1.11818298625048,1.0809127730592365,1.051597332453363,0.9911778620443406
646,0.0,0.0,2.0,1.0,1.0,1.0,0.7430865970361625,1.0246274488879297,1.0347156964133686,0.9993002991442558,0.9859502065983388,1.0067722616622279,1.1105305901826723,1.0659627091799182,0.988178214713353,0.9816011320331177,1.0814868480383188,1.0635833415638958,1.01681564775274,0.9798437784731657,0.9891067407636421,1.084487013128466,1.0186053819386491,1.0043706933759862,1.0322596571460108,1.034018545233104,1.2012354807580414
647,0.0,1.0,2.0,1.0,1.0,1.0,0.7433906258107379,1.0824541002030243,1.099122685251926,1.0122660768778549,1.1981504264120397,1.0873750849429686,1.098648031475678,1.1252366580813788,1.18566338099919,1.1055496467354777,1.0562497782601121,1.0780465869160927,1.0062141201924557,0.9476590406550155,0.9675878960660215,1.0930604232991419,1.0145923477078653,1.133708724092413,1.0815185715417837,1.0235576158644029,1.0713304627775293
648,0.0,0.0,2.0,1.0,5.0,0.01,0.8157520462090473,1.0034226323594735,1.0912971284460287,1.182832856135612,1.0740576385767537,1.0211008443099,1.158902090713038,1.0992222849202045,1.124093875393516,1.1334367951892286,1.070146905845847,1.0615293195214799,1.1420190622511097,1.117885297487483,1.12332056220676,1.1706421385501087,1.0853861882798557,1.1532970586627387,1.1113041958754302,1.074300257392328,1.1139961075356193
649,0.0,1.0,2.0,1.0,5.0,0.01,0.8164112479261412,1.1677520468873062,1.0286287034229329,0.982601209159024,1.101294592914378,1.1276741204769358,1.1036647372164194,1.098622078247101,1.0535051066925232,1.0372533081718638,1.0984148401586986,1.022084001488824,1.149775468486768,1.0839381100894396,1.039216101809755,1.043831768442683,1.079805761771285,1.0676219167034429,1.0122086857964923,1.0770232340994814,1.1302450176633532
650,0.0,0.0,2.0,1.0,5.0,0.1,0.7500594962131792,1.0518375459184575,1.0361965729467404,1.0411310034672348,1.050283235399185,0.9909274645489652,1.0882844406148098,1.135110829527874,1.0388636403377587,0.9957994335000967,1.0367875117906247,1.0674435182537476,0.9959882341216629,1.0301678536981564,1.0694648579440469,1.1188178543489826,1.1816019835063836,0.9722843844096373,1.0058956066464846,1.0781254642950073,1.1272446519550068
651,0.0,1.0,2.0,1.0,5.0,0.1,0.750129387024825,1.1101120430117735,1.0758882749424217,1.0638365322283139,1.1082008708387945,1.0097946556119275,1.056630613974306,1.171056068744018,1.0406627108155062,0.9990832120355335,1.091752520343804,1.0889327075073736,1.2075762407368045,1.0942143596236864,1.1221299594741654,1.0463554473951913,0.9390284953882733,0.9984183902243059,1.117676013419512,1.1011912138493636,1.0908607834674648
652,0.0,0.0,2.0,1.0,5.0,0.25,0.8275365762507537,1.087325141796201,1.0030021296401292,0.9771982196887631,1.1078907475556505,1.1460761946298623,1.0637366211481112,1.0697868112157116,0.9534265794279625,1.0051323019831242,1.1165645699944475,0.9358673920824758,1.0926559342496056,0.9174013730098748,1.05090629294077,1.0824756890454859,1.0607272683073625,1.096688705319824,1.015134855370233,0.9724665840051548,1.1193927272132378
653,0.0,1.0,2.0,1.0,5.0,0.25,0.8278140574529285,0.9996838483435149,1.1125407538905352,1.0452418619539603,0.9347776112425792,1.007648259819058,1.0906554791503098,1.0408284979974693,1.0101566146533574,1.008701806976677,1.044658354682389,1.1839663226982549,1.0426240008256071,1.0423854067890546,1.128789488661514,1.098144859853901,1.151246780658265,1.0243759681997018,1.0865980653804665,1.1252877929168859,1.2022226169216839
654,0.0,0.0,2.0,1.0,5.0,0.5,0.7937966745325974,0.9819327830151222,1.0972327504625754,1.0714723289030508,1.1246973976966261,1.037254508363915,0.9872095482119723,1.1434141651794485,1.0573789984863904,1.0980130942104447,1.132952631286657,1.0457335794178726,0.9971726102765287,1.119039059244657,1.09393452258428,1.1634266251513872,0.9999901122898038,1.0578229249564246,1.1329436316684702,1.1150758112340706,1.0511133709797733
655,0.0,1.0,2.0,1.0,5.0,0.5,0.7940649175561765,1.0438773762810212,1.178197548955366,1.0747744992639021,1.0958830936127744,1.079412166179507,1.087598660163157,1.054235928394461,1.0454741864184014,1.1605064388616992,1.0941775424762261,1.1439045708585347,1.1583380661906757,1.0004740356783142,1.139789324611718,1.0137874015834414,1.17114142984529,0.9903117947347612,1.0330957674183363,1.1443820034471919,0.9581252645523577
656,0.0,0.0,2.0,1.0,5.0,0.75,0.7635165683192806,1.015318197007428,1.024665685804927,1.0431020569985345,1.165523277255042,0.9971439276024652,0.9924642283090694,1.0513518646476023,1.1566524104115175,1.0168261780981174,0.9956639315910848,1.1150258503997985,0.9520585690764765,1.051752041417094,0.8996512098732412,1.0850507201233546,1.0368107727530942,0.9712084863226915,1.081273590281486,1.0474271540020232,0.9872308826632692
657,0.0,1.0,2.0,1.0,5.0,0.75,0.763832671714837,1.0560909168142658,0.9207968199082254,1.1031942030318345,0.9763861773120989,0.9668616339114858,1.033453917426879,0.968992950962716,1.0415377424547279,1.0661405635674843,1.022704641406691,1.0549850447004392,1.0817940715081047,0.9082710409974901,1.0366985362896826,1.114251514450377,1.0097315757927547,1.015316245496182,1.0711360032196056,1.041957619910435,1.0928856709850716
658,0.0,0.0,2.0,1.0,5.0,1.0,0.8379798510467185,1.1039817894133126,1.0884580865282223,1.0476660804485833,1.1517937780558951,1.0181829868662406,0.992845045694165,1.1296010377237518,1.0622327157319216,1.1591124202280227,0.9662672744509732,1.0226063815249502,1.071298190183927,0.9863795007523714,1.0587863995886007,1.0835242488743781,0.9832624352428156,1.1627142024725294,1.0989588817165628,1.1201470415028034,1.039240996405116
659,0.0,1.0,2.0,1.0,5.0,1.0,0.8377387265094433,1.0342007194112353,0.9994523074478558,0.9889735341504089,1.0713481962165283,0.9883922131658055,1.0885239713507595,1.091951747136835,0.9538215171265416,1.0363394983296177,1.0024883207112116,1.0185834408624495,1.0325495058423042,1.0317873892467628,1.0921086235095165,0.9340192824714885,0.9407042457122332,1.0642164060949593,1.1171811129279934,0.9576328411031947,1.0043322018070118
660,0.0,0.0,2.0,1.0,10.0,0.01,0.782710335511839,1.1934643874462716,1.1210127357133333,1.123990324229237,1.142533919121836,1.142128042701976,1.174045036431222,1.1198216191322183,0.9806464838221164,1.1590319871088177,1.1678629879305442,1.1260332281998828,1.3112934027344967,1.1348352987452073,1.2833116124739983,1.211169324351328,1.0689406293393273,1.1986899213132889,1.149372027841683,1.1565528966164356,1.1402652170921377
661,0.0,1.0,2.0,1.0,10.0,0.01,0.7830640847900732,1.1691174927805243,1.0586438450928348,1.213087533534505,1.1339675358921337,1.1447006658780534,1.2605960952246063,1.0740329403080198,1.2234472773541063,1.2521834203699767,1.202747879673876,1.2242505007674436,1.2057870596780866,1.1156693288642838,1.157957797091729,1.201338328374307,1.1641710115608952,1.0877971907414135,1.1783003849962927,1.1795428104492174,1.2592853376200073
662,0.0,0.0,2.0,1.0,10.0,0.1,0.8525928197497323,1.1531708641046172,1.1160945896814114,1.036086910495073,1.2626368934359489,1.121011576005945,1.2364976450471332,1.159868810809523,1.1365628808213646,1.013205106277175,1.0443973467610792,1.0990462389127498,1.1627223112086977,1.1639769757328464,1.077655650536837,1.1463642702839447,1.103211020328037,1.0627839874775753,0.9608730645115745,1.110030874755022,1.0941076237479832
663,0.0,1.0,2.0,1.0,10.0,0.1,0.8532394193509437,1.0915050307190135,1.0438966173047732,1.0515717466930232,1.1613403732085699,1.1627625488839408,1.1297849807188276,1.2122362528258432,1.1338830738102692,1.0124433138162094,1.0733066950480346,1.0387268318564145,1.2169882748618281,1.0682042672429437,1.1056171954279252,1.0878276214312879,1.1367783431073457,1.1624866508003897,1.0760567517747222,1.0357875736966256,1.1593288361407583
664,0.0,0.0,2.0,1.0,10.0,0.25,0.8106075407646941,0.990460998135814,1.1235268502415297,0.9495016885231699,1.0226076234027472,0.9908005064577242,1.0925165882184382,1.0413705765575665,1.0861744344973976,1.069073562433989,1.0582211229883625,1.0555781762474543,1.0054937460504836,0.9694878092420725,1.117624662596393,1.1578420813975783,1.0822304502045275,1.1078193758945036,1.0508939747716461,1.031592963450464,1.0537832969049885
665,0.0,1.0,2.0,1.0,10.0,0.25,0.8108706185419831,1.0092141604047997,1.1464603361458783,1.1489543466322854,1.1154184099020215,0.9638122367160118,1.1236960663793105,1.0491628571938887,1.0520466852315937,1.0558003665832536,1.0593638497853592,1.0316223460384426,1.1140775809780379,1.0592770481154996,1.1922917046208967,1.1191528745833816,1.09773160799534,1.0765406698752435,1.0609031328026246,1.1785245637155488,1.029770048535895
666,0.0,0.0,2.0,1.0,10.0,0.5,0.7922583506757744,1.0057339322596368,1.114587540253875,1.000221113708431,1.0578941318723767,1.1003985659076014,0.950455235978486,1.0948429844428713,1.0144336646462364,1.1840764908817203,1.0816544437374862,1.024423808594083,0.9741716765038507,1.1384802014602864,0.9839637770285473,1.0751226313663351,1.208252838491275,1.106659380271273,1.0468678607560564,1.079015580827035,0.9846457048803701
667,0.0,1.0,2.0,1.0,10.0,0.5,0.7924732409172217,0.960449112234826,1.1562960442925931,1.1465778541805398,1.0706746916846333,1.0023943290222712,1.1667384399373288,1.0258699751731233,0.9174873271883387,1.0202989493382688,1.075417979320178,1.0966036975781472,1.0418399047037075,1.0303362262049967,1.1641130327991362,1.0373119538055788,1.046300053535533,1.0534622076135136,0.9968183069214022,1.0188492282419046,0.9484526558365305
668,0.0,0.0,2.0,1.0,10.0,0.75,0.7616336871169976,1.153698111140719,0.975634082712897,1.1086176195323634,0.8879428049779116,1.0607534838536359,0.9940130593480754,1.0119593456613418,1.0640753035025665,1.0454066574040275,1.0771396031796034,0.9844513281702608,1.0235668933705142,1.1210787413684065,1.0310735829972368,0.8970822411527591,1.1190415766643187,1.0582603208179366,1.0563576694985088,1.1847556105760564,0.9942417935866215
669,0.0,1.0,2.0,1.0,10.0,0.75,0.7618977954262082,0.9601276045784096,0.9560583266303961,0.9905137667062259,1.0649123533805531,0.9400080022139937,1.0523294918446142,1.122208552625195,1.1446003779934326,0.9311682198367064,1.1400321423192628,0.9870007296863407,1.0900655514799285,1.1414970702621974,1.175897252438163,1.1357008394827468,1.0864434944146404,1.0824899909075933,1.136556064588954,1.005151768130028,1.011760271726956
670,0.0,0.0,2.0,1.0,10.0,1.0,0.7953038644533769,1.1401476506828547,1.016067006611073,1.026597687693578,1.0674522733953573,0.9959757855843192,1.0444738861467413,1.0304643718697237,1.0997417474305817,1.0504142048577352,0.9677737529447354,0.948530411687544,1.0082895799561495,1.0833877238721326,1.035547479022646,1.0207188978577417,1.067128801871407,1.0198777252044091,0.9289737974809952,1.1749651007074136,1.0625389048595777
671,0.0,1.0,2.0,1.0,10.0,1.0,0.7959804078730812,0.9652653199037157,1.0199754382287247,1.1671972993735957,0.9838021412665954,1.0689142187463343,1.0026028825525348,1.0319638599105831,1.168674588827689,1.1089014442686285,1.1079649335626895,1.1064001147253275,1.0399420174427036,1.0345502625555656,0.9780700889774427,0.9531567753421097,1.081225841974893,1.064169641224735,1.0797272499434778,1.0513689129607127,1.0489727190294844
672,0.0,0.0,2.0,2.0,0.1,0.01,2.87009911029709,3.8030697901969273,4.43127336459933,4.231181988433948,4.212162279416462,3.877161079305113,4.376022615898503,3.88758731413669,4.168689549876795,3.970111972714714,4.567948420822742,4.103482614493863,3.9578935165207847,3.765000941367635,4.254232521826072,3.96735592361265,4.406994827634357,4.500625347690689,4.202013790608793,4.558629929612985,4.000915409733569
673,0.0,1.0,2.0,2.0,0.1,0.01,2.8722320649916013,4.442491658193245,4.094196623089237,4.266064866165329,4.185587492387339,4.590864704368845,3.987859047391358,4.33544724782377,4.5972038872973044,3.9093623910437163,3.942408505436647,4.253033575810422,4.597099023528761,4.342549587413302,4.083942856525426,4.224004165265499,3.9282564213301105,3.8103760007164658,4.344057345054414,4.123018104630315,4.040101273919814
674,0.0,0.0,2.0,2.0,0.1,0.1,3.215425717079252,3.9959731441552315,3.8256573951643267,3.810021354603841,3.8370001081116585,4.4753651969265,4.147637717132304,4.014057845450129,4.48853675008618,3.8684344572784872,4.090814876703869,3.8914878549053467,4.629971113171457,4.123496056861172,4.489638464024711,4.212782112007746,4.076052646569746,4.159276905797445,3.745159932499743,3.8219299104351796,4.178488631847508
675,0.0,1.0,2.0,2.0,0.1,0.1,3.2174030704415033,3.9824078510076806,4.2073074624230165,3.985986955946664,3.897926221415409,4.86259208568896,4.462968403827043,4.256214880531512,4.390191262491779,4.525701815604193,4.2899462398336095,4.330087234896279,4.789245996290825,4.34936304467281,4.175212772984011,4.221544026768894,4.276672171123969,3.905352400796229,4.473846855515802,3.8297267009908,4.074658143177264
676,0.0,0.0,2.0,2.0,0.1,0.25,2.9741570050712,4.154997830253573,4.1448366498911176,4.4851871702799455,4.094680062638605,3.8474957260404867,3.996500536273078,4.508225271589913,4.380309048278178,4.575491503190226,4.404525678025133,4.379573949352988,3.768699208421522,3.872220432649174,4.126784805768493,4.0977773919823575,4.07620079404587,4.462588654266477,4.499125885925829,4.544548634991056,4.579814020912897
677,0.0,1.0,2.0,2.0,0.1,0.25,2.973188437076839,3.6000422316140837,4.485999409029204,4.343413200986591,4.579089195679211,4.162454541607546,4.458718465973249,4.082246514954992,4.242003239778084,4.165246310096527,4.231550451517793,4.571251606550039,3.890563699549109,4.130558323782306,3.965383746688729,4.309261534497431,4.655624043230697,4.128694790402446,4.123663127153571,4.537514613625124,4.274016938910553
678,0.0,0.0,2.0,2.0,0.1,0.5,3.0236061425206637,4.243220789724795,4.525908688207687,4.013141754745407,4.117904935234801,3.5725008270272576,4.081471638122058,3.974145130002794,3.979595152058454,4.338020201456692,3.8954046039851704,4.581355460495493,3.9425305601236307,4.438048639211466,4.516534434184254,3.9110640721352916,4.304268423586691,4.211061054933145,4.3450829876352985,4.177800146736433,3.837037138976076
679,0.0,1.0,2.0,2.0,0.1,0.5,3.023330472057412,4.249911199502132,4.1775053714882615,4.276613525830491,4.211022041876085,3.955598565331717,3.9851812157084145,4.240124772943398,3.9480910098259554,4.666256417466231,4.2752581008416675,4.117618832794571,3.7886822055919556,4.071152877241706,4.1724275105599125,4.3216839554760424,4.163727165360078,4.096287899945985,4.344315918087763,4.067674260368594,3.948350155596651
680,0.0,0.0,2.0,2.0,0.1,0.75,3.0117427615098387,4.393231579977874,3.9558337759590927,4.088217970334699,4.420358371637035,3.9387529010775557,3.950909497189698,4.775308472559,4.404575678386514,4.420026651782783,4.322071532741416,4.563232276474357,4.4819177088644455,4.284179035443625,4.055570075165957,4.2652689902709,4.3763475589119665,3.803011518504002,3.976020982141643,4.215900730218378,4.324924469297184
681,0.0,1.0,2.0,2.0,0.1,0.75,3.012780757053529,4.1537122397268105,4.194116979212922,4.510088882288661,4.3995964235791645,4.482738172183508,4.435754257693424,4.0543787922836545,4.2551364702067564,3.7621756260009303,3.994051710441723,3.966358753606652,4.39193277636769,4.069880367913694,3.9288497694490623,4.330767085513363,4.442344008947373,4.312671738966145,4.307450292178681,4.061710407835945,4.135445347418198
682,0.0,0.0,2.0,2.0,0.1,1.0,3.340025974361156,3.8442792346980883,4.554429637171137,4.123413703772742,4.7820849895783,4.0951236482070295,3.9438582978774086,4.274010706892156,4.210115810455502,4.555377684940414,3.8588745843593295,4.134208389020596,4.205736702219299,4.58818495701749,4.142955275513508,4.228857412658533,4.031583613020225,4.008948170570088,4.147957931171208,4.798564352326439,3.961954457530001
683,0.0,1.0,2.0,2.0,0.1,1.0,3.3415416882655977,4.314373548721196,4.847060008561765,4.381463872299473,4.311823371132128,3.9611505694896203,4.206821428609579,4.562955818786609,4.111500369149319,3.823332966423937,4.73806658782748,4.080039194712913,4.244057130062046,4.2286265866295585,3.9805709671604403,4.454830704492896,4.357851497351179,4.812678247966793,5.0406301239663405,3.8765901135686787,4.166687389253311
684,0.0,0.0,2.0,2.0,1.0,0.01,2.982063488432942,3.9516257257992815,4.171144686067685,4.137328699678783,3.9893526728790034,4.605210673932542,4.268113991706677,4.429476912168993,4.025438614289799,4.105284371505934,4.15512559034546,4.2126852867472895,4.758087902660687,3.889929525722102,4.27692960783397,4.6769942904689,4.301192728677183,4.032144517610341,4.274715539122778,4.1243730666136615,4.034807816624601
685,0.0,1.0,2.0,2.0,1.0,0.01,2.983069370964681,4.2852875871472325,4.23123757442504,4.343233140492287,3.9595159923980887,4.3224680822280135,4.405011472754869,4.157610013288594,3.7027725938895246,4.445913542058434,4.308917505259146,4.3371616238570105,4.184359549114777,3.96285436187591,4.455185234050836,3.9956194309853816,3.998447586784014,4.123853175886434,4.374821836602486,4.453767571222203,4.135236410487967
686,0.0,0.0,2.0,2.0,1.0,0.1,3.027257918086938,3.9358319841697273,4.258963834924489,4.321522131111548,4.28718343998435,4.021744595851859,4.410801722928797,4.476668994637583,4.349774098776093,4.2210653767528985,4.269490669428154,3.9445720632910555,4.776670703672432,4.588905111059933,4.051668739970816,3.7022096302882317,4.081876270017658,4.112239513239578,4.39750170556793,4.2528005819127745,4.140336961589999
687,0.0,1.0,2.0,2.0,1.0,0.1,3.0292800916444547,4.137363144587417,3.8619785660073305,3.6236863336722256,4.407012107420159,4.723525058023461,4.106676117870222,4.541457408857689,4.210219188975384,3.9737881972939553,3.7959950174555503,4.430151631013902,4.179766057701391,4.748927831600571,4.232716327770217,3.7948294919151087,4.135548729328071,4.207770278800625,3.628214586541542,4.279611604849131,4.442216081863269
688,0.0,0.0,2.0,2.0,1.0,0.25,2.8431257385213327,4.451510539417111,4.435115905213249,4.112564910613294,4.7000033647754815,4.372185639452483,4.346560382609254,4.045240258936462,4.290690378358523,4.598980677842417,4.511694443368437,4.6672158227583,4.361433732888366,4.544878313070264,4.318050470878487,3.7841916004658764,4.3840848888523976,3.9108526104661387,3.69293044081599,4.4642930636807066,4.217700122246997
689,0.0,1.0,2.0,2.0,1.0,0.25,2.8439200117944585,4.50980041412945,4.349592549626505,4.260633591387714,3.824369441944473,4.559866666474398,4.509092471683452,4.029939312509069,3.929563884166574,3.927084860782234,4.8352807601232195,4.301055412815002,3.8016668101708055,4.165923426025724,4.175968912076367,4.200237268835402,4.569876872692874,3.97710400795334,4.648754342944674,4.475092557710472,4.3695460148918235
690,0.0,0.0,2.0,2.0,1.0,0.5,3.218841872906016,4.131499623581543,4.118211800866239,4.458911034890132,4.083997128807815,3.852980583843186,4.062465487383903,4.267555330457727,4.456586631181628,4.032284092955326,4.208185543455441,3.7646467076774295,4.358306491507884,4.534064056731471,4.432873151061371,4.038160448062664,4.452035021089205,3.991157166751453,4.303904629915453,3.9691338688260047,4.190233446698336
691,0.0,1.0,2.0,2.0,1.0,0.5,3.2207666019888834,3.760035899380351,4.398916651213543,4.492929051309529,4.255698474630289,3.870910687880667,4.217853850934413,4.22604115682959,4.115986584057171,4.492375377869428,4.168901874319675,3.837197014069659,4.074644454151513,4.151944499853179,4.269768337161932,3.6945638792847384,4.572834823956553,3.805081267967139,4.342853370798137,4.40689557928289,4.269331219389663
692,0.0,0.0,2.0,2.0,1.0,0.75,3.098016499684329,4.048600178883724,4.284285495372799,4.046844445177032,4.182319860247345,4.046054515354273,4.269152912062865,3.8636477455060216,3.918523818084189,4.0092187728848,4.411598438346439,4.205450886297945,4.397806280828237,3.8702750374146198,3.9553090344856785,4.283513083757223,3.759916341909911,4.207121832754453,4.803669470265477,4.30625199663916,3.912242497856199
693,0.0,1.0,2.0,2.0,1.0,0.75,3.0994642499785208,4.230110694133371,4.386495967245373,4.042053487138152,4.004039287702122,3.8629095415633534,3.9023388787484325,4.420918292497352,3.7979495623821933,4.39244967726287,4.122250401033631,4.5831333690608185,4.282811436359303,4.137308595605627,4.034341384415311,3.995515183251571,4.093450571566817,4.16768424749133,3.7992576983569903,4.292803359460707,4.096206561878897
694,0.0,0.0,2.0,2.0,1.0,1.0,3.405761820607154,4.128401592265026,4.354322478249128,4.0364759772106025,3.973986670327994,4.4853239820791,4.832717399843858,4.032319139071517,4.191737214407856,4.431062274776124,4.601037281813002,4.447238842933078,4.674828044232755,4.081965299331742,3.9253700054824847,4.029388010603508,3.7826356790643265,4.355932566152696,4.332827751200775,5.105124782727196,4.1953913477661136
695,0.0,1.0,2.0,2.0,1.0,1.0,3.4071165300543793,3.979139989267819,4.056668269280722,4.185963792165329,4.346408746757445,4.198844374748586,4.198024439964844,4.164753541976188,4.626831501833646,4.119442035396129,4.360072102973886,4.410720290006348,4.365392068600865,4.226188884170158,4.527129533502663,4.212170149783703,4.118101555751395,4.211382310919566,4.614432941518772,4.366599505461486,4.573562655987728
696,0.0,0.0,2.0,2.0,5.0,0.01,3.0853519478835203,4.121360033596534,4.552227740946232,4.165235915494507,4.1384977741430005,4.410375302919379,4.559627580037346,3.975835987392359,4.386398338711224,4.394421903022278,4.296168625889491,4.334183029097553,4.09509324540892,4.317351549662156,4.23661760316913,3.903561874337618,4.176086944495149,4.138723501641388,4.0764867849875275,4.120572079828135,4.024636427803995
697,0.0,1.0,2.0,2.0,5.0,0.01,3.086909014774093,4.126959984493223,3.954870202483072,4.3484761217999734,4.380157808725449,4.132992482692926,4.47404557230969,3.8649670620870338,4.528564761424757,4.131179511457945,4.214759769521968,4.120378311389789,4.025209254787525,3.9073530205210854,4.4042656223135355,4.481587876359639,4.42869474579439,3.8106406063871954,4.302608997905138,4.292014332370987,4.1372704289082645
698,0.0,0.0,2.0,2.0,5.0,0.1,2.9163562760847013,4.27776941343137,4.37824917269491,4.300803920711746,3.752229927673917,4.07033500234186,4.4010614591678054,4.2262459594020125,4.374351805048063,4.123790908867773,4.093507184709357,4.249952325700316,4.591662324645209,3.926889813430268,4.030312388137681,4.42511943068873,3.743926491177463,4.3181008924117075,4.26438738262051,4.110319729172438,4.256068889580598
699,0.0,1.0,2.0,2.0,5.0,0.1,2.9178126840180805,4.015119222133146,4.213856128424513,4.378654021203712,4.112641255202124,4.665294928096919,3.847631590350654,4.096292167681012,4.166968432289857,3.9291071158260196,3.8805211072541788,3.9107958752998324,4.520164099286974,4.446398812177245,4.308609493524395,3.7407413365970483,4.733760167613951,4.207697977188989,4.022713587281304,4.030952958626729,4.103724625386319
700,0.0,0.0,2.0,2.0,5.0,0.25,3.079577643917819,4.379783854505552,4.082113857831691,3.861751365176051,4.115890478699967,3.785695229167186,4.082417913150073,4.059759228192282,4.231696846708914,4.541730215677363,4.369669836444129,4.430476265332781,4.180434446903413,4.322315666187998,4.834406059174442,4.091541163096174,4.566796237392033,4.338222941460113,4.388142267187732,4.254209555704364,3.9200862872934974
701,0.0,1.0,2.0,2.0,5.0,0.25,3.0803159727324494,3.871274859210499,4.5867367740147,3.788980060343953,3.7966129376939612,4.380827423554695,4.596576372045475,4.232241176244921,4.2215244837143056,4.32816146475758,4.162377612599595,4.315955148674466,4.035980399808043,4.158225688207592,4.336399966175386,4.254948513774432,4.100761977947104,4.231611878507394,4.581520091888198,4.550139989987793,4.281916271454415
702,0.0,0.0,2.0,2.0,5.0,0.5,3.120110243596902,3.9118204077418994,4.4297459061492885,4.14912193867522,3.947376197017814,4.343121618556081,4.285352984120406,4.3489300261463315,4.286657505376919,4.635561739035054,4.1091043317706415,4.196667484362045,4.035195478598458,4.131624873536278,3.9072778225967895,3.825608064909818,4.488880931224354,4.267418217716252,4.085535643618944,4.000237690378871,4.2093654925347455
703,0.0,1.0,2.0,2.0,5.0,0.5,3.1217717188891076,4.155996268487335,4.018248951660519,4.505562688101685,4.065811857130652,3.941118290449099,3.637106953494139,4.409842133044965,4.17240650113613,4.2989830542186525,4.41739146854954,4.18561305782347,4.110552035594684,3.768277552150302,4.346988809184186,4.261872162155034,4.687098918130001,4.353333864768954,4.390443036096178,3.9885908410706485,4.144379288252493
704,0.0,0.0,2.0,2.0,5.0,0.75,2.91268951993933,3.8338779943606838,4.240837417399322,4.088583278338475,3.560498804330077,4.445053715165724,4.048197981458796,4.007946653391352,3.884900697508041,4.174224762868982,4.150952102627285,4.111635337506894,4.146073130896212,4.210544467610161,4.140181250833609,4.524582041206191,4.3765756584517135,3.815498098598413,3.9158406333526465,4.357219539433332,4.128863947055707
705,0.0,1.0,2.0,2.0,5.0,0.75,2.9137041824068555,4.089034670814068,3.9809365162183514,4.189873254270066,4.194319419730273,4.455844744763679,4.0230978000369815,4.314774926967578,4.177266517659673,3.9066914483456276,4.455920378743744,4.258397891954791,4.287810850147073,4.340154011434844,4.219623257701478,3.702650612740319,4.492102765453954,4.289693467021806,4.290297385589536,3.940175458731639,4.148399432996893
706,0.0,0.0,2.0,2.0,5.0,1.0,3.2669219084834227,4.578225361936678,3.9443141306620295,4.321332114961246,3.812796550198336,4.422577613094377,4.140195430904106,4.178714142298762,4.229707614787866,4.155990683892462,4.19588491640032,4.475038761745617,5.079614104153586,4.184650779768509,4.226870725562666,3.81783412137396,4.074801208356487,4.141487631576318,3.8350403963407125,4.37384649779262,4.40021493135629
707,0.0,1.0,2.0,2.0,5.0,1.0,3.26758776625027,4.071552339702788,4.292644681053077,4.020777515797333,4.321438570966569,4.177089136717348,3.801067895322563,4.419788617584408,3.603431991552135,4.086067804386473,4.344588097295097,4.051344429185586,4.242853464429442,4.117086524735502,4.443093753284823,4.258127057929465,3.813448118735932,3.9958602413920934,4.217931761672299,4.093652384810808,4.383183336676271
708,0.0,0.0,2.0,2.0,10.0,0.01,2.99538874489562,4.569052446077218,4.311931008678368,4.296614314285164,3.869378872175717,4.311250057061628,4.189457393516547,4.3564761198550315,4.60073583065802,4.319908298211565,3.8627387984873174,4.1817812710273055,4.030860358774824,4.68965527152734,4.185859799107319,4.293346064330483,3.9967767067349813,3.8645724580387615,4.302055816391551,3.827458189208034,4.7865706389076905
709,0.0,1.0,2.0,2.0,10.0,0.01,2.9962972260736866,4.203923373435476,4.238917231265185,4.367795810125346,4.302124001989296,4.203739203463956,3.7708076532047157,4.108080319153051,4.291721301550127,4.3109775469115545,4.4232697077403795,4.201494328263025,4.733938443330644,4.239542658326247,4.492698705161562,4.37249806291114,4.388956212361306,4.160173127346643,4.166998794233109,4.235526881326952,4.393913205771666
710,0.0,0.0,2.0,2.0,10.0,0.1,3.645219281555243,4.3526548497955835,4.1327780018243105,4.183882925940122,4.617954301302772,4.063260741481938,4.516561949768282,3.9600967315479663,4.572158921713139,4.340284395939914,4.092375466793376,4.569274495334324,3.6457446299091623,4.8485769554018585,4.021533963326963,4.11172078184969,4.408346806725834,4.462760121943502,4.591061587172076,4.259746423087718,3.998725680397781
711,0.0,1.0,2.0,2.0,10.0,0.1,3.6471182731952387,4.4029156039468464,4.256138275806021,4.172059813559131,3.955375427862292,4.323379124597592,4.04496412767644,4.475896315423997,4.325147419994893,4.456714020611691,4.178250241587726,4.048774810401861,4.230733251965659,4.431581329589465,4.467091743444602,4.670188411011554,4.606861185110613,4.621679169914248,4.113732237129092,4.370848611444261,4.430677571930885
712,0.0,0.0,2.0,2.0,10.0,0.25,3.516667381998361,4.193494553328418,4.19060269126692,4.3421906695412025,4.048478292701954,4.2779048999535965,4.284265086109817,4.065050785989867,4.50363550719152,4.102254730767565,4.269622575565247,4.3611677417938965,4.284779404460896,4.3051369059317794,4.44873830107963,4.49880951286093,4.389488273882431,4.141607325055897,4.300619189694233,4.144953223100577,4.419036376299007
713,0.0,1.0,2.0,2.0,10.0,0.25,3.5190787427752426,4.049012973686971,4.267838660479679,4.425522993507186,4.315462243090686,3.943389198393654,4.593504210060044,4.416870035815789,4.032436510159728,4.1791560084519155,3.9993757376704058,3.7150605335246634,3.588037973586408,4.377995149091829,4.514921241761652,4.324131469098067,4.3781239039567055,3.831952416915462,4.124346826828357,4.3177552991361345,4.3391181580123925
714,0.0,0.0,2.0,2.0,10.0,0.5,3.0852858046362868,4.414258956020619,4.502011439731936,4.580520995004304,3.6939883801140017,4.395544465094568,4.593880255119766,4.219979273481594,4.240986847693168,4.578727056653889,4.618242930494104,3.6893287241912427,4.2635354967541454,4.033595360181672,4.437788880993082,4.189671873405579,3.957292125610511,4.004516495090974,3.828569232934442,4.234023156215126,4.247286717417047
715,0.0,1.0,2.0,2.0,10.0,0.5,3.08349110805882,4.667549327105218,4.379931621942215,4.143002361613262,4.56965506978378,4.301515411532495,4.07237031372334,4.099175489178105,4.167395759060488,3.9398606926922484,4.052447064127237,4.406081925385859,4.430317226310664,4.511902994718228,4.321093169717104,4.284908187124273,4.139286820910663,4.15956765484079,4.167549798610598,4.224059563419385,4.316901351708754
716,0.0,0.0,2.0,2.0,10.0,0.75,2.981481076538117,4.353602205272448,4.165234981408172,4.243101182432195,4.638346091957425,4.25174636424923,4.718949183431072,3.93773546465482,4.274705294255426,3.88316954326439,4.252518015846759,4.048371134167431,3.991021836945924,4.492847014256162,4.451805118140857,4.213370130059529,4.011241614024636,4.054421233395973,4.401409116541431,4.410532830484082,4.2014645871438905
717,0.0,1.0,2.0,2.0,10.0,0.75,2.9821711606137833,4.03789494072874,4.293271881842592,4.153758356141018,4.291317460555838,3.937035941879543,4.3994185526755185,3.8662821983674256,3.830187907946478,3.9966794501401264,3.8744947077059857,4.339560722144239,3.822028620728429,4.073414410560658,4.243078389318192,4.206658662118764,4.580895720294057,4.444382073938087,4.117101714922492,4.041221263759893,4.052203584851083
718,0.0,0.0,2.0,2.0,10.0,1.0,2.9223357950424296,4.326245813119424,3.929107112007134,4.329296137062482,4.410974303817728,4.101758690620635,4.588696403675324,4.41848537181586,4.119047798417913,4.15337601298321,4.547228084686062,4.013507787733187,3.9505570139305783,4.055772767834025,4.260103765884781,4.316164484314936,4.437197206704908,4.077547462525014,3.896228409013422,4.08028898751121,4.162470425026831
719,0.0,1.0,2.0,2.0,10.0,1.0,2.9243836281202555,4.571958468088762,4.584986260295576,4.053839025099101,4.342862624314136,3.888522044837797,4.4936851528362665,4.148313627628292,4.043867599272177,3.9881100498426307,4.078905588902904,4.599654768857613,4.15243749202589,4.086932710848829,3.933206482174083,4.204443478276303,4.745935383173884,4.089114303797992,4.035663542992831,4.352529618222577,3.9491413213594844
720,0.0,0.0,2.0,10.0,0.1,0.01,75.40859277978679,104.78341055877554,103.97831686183733,99.05954977791991,103.07901969531223,107.81119320531907,117.55311951499874,109.75308617526349,110.92481328678096,104.55556011044763,107.89720370025702,108.41194049072043,110.23176582866085,101.68394474227834,97.44173531121032,98.25340311290073,105.97246448098673,91.55559483300338,103.4977389698542,109.13740876090289,99.00234668738872
721,0.0,1.0,2.0,10.0,0.1,0.01,75.41603406172646,105.7204374116641,95.81356678077783,110.22820628963257,102.435663776149,92.86838343644179,119.14821591549367,111.43027051652645,111.9949141811467,105.32330115611076,113.62743310485226,112.9401295385256,115.81357015145338,107.23733796593966,106.56506908475735,104.61756628029693,103.09216846834862,109.79725376255726,100.45730231811139,104.24910514340829,114.27124373931217
722,0.0,0.0,2.0,10.0,0.1,0.1,78.14063690923605,89.51125312577528,102.86659855361133,102.29164027514959,94.28844984204967,110.33674013221808,108.20822457129825,114.85026047914631,102.94393923376087,115.77905248152148,106.04867136736172,98.22971815886078,96.11254897946615,119.22439525960978,106.2265154823821,112.0026159852338,101.19583889793702,101.96082338321263,98.6894196330564,103.08378067186086,107.50636709518284
723,0.0,1.0,2.0,10.0,0.1,0.1,78.16176892349759,109.49681321633749,97.02762609356564,102.14954960032651,103.81675626299281,108.9252407793104,106.16104651309522,97.88711351922667,99.69641065055443,101.82503543732774,104.15617687115221,99.9748122850503,105.24560491545125,97.20317127851145,101.10858871425043,110.38469208061792,98.12736963829522,97.8056672020626,111.86367381397831,96.82654232949984,105.087214919053
724,0.0,0.0,2.0,10.0,0.1,0.25,73.24958490568264,104.0929564060773,121.3525926750228,101.01960238112511,100.26588183470521,99.44450681854816,98.23723739879614,112.10324659090666,113.89423484312879,104.57532141881514,99.82910556506941,98.10150984371768,107.09368954023877,108.02358488861871,105.5079065284032,108.6771999603774,106.5675579362079,100.18645272190298,109.911876313709,107.19260419486051,108.85054899345525
725,0.0,1.0,2.0,10.0,0.1,0.25,73.22186456764626,105.02022816070989,110.32486895834855,109.38853073887638,106.45544435528275,98.52926118037468,110.42584066157393,100.63446074481654,93.8036984516947,109.8700742398349,106.50932953643827,116.4177394652864,98.02032189777292,102.25511487301236,107.21425683174003,116.74793015233615,108.22886815567276,97.02443823976917,111.11361400516853,97.22989593965272,99.91247525641981
726,0.0,0.0,2.0,10.0,0.1,0.5,82.50224059526127,110.13134415132275,101.32634812608023,98.9349399126063,102.03722441303937,90.91609249033073,104.49395986736774,107.8318595720625,104.21002501686374,114.69280185387602,105.48173677309744,102.88440203913518,101.87835086984894,113.76869438262666,112.18508825187209,108.40488581005341,107.59941940387245,108.72726531146736,97.94115552614024,96.22105019452499,105.44684478563872
727,0.0,1.0,2.0,10.0,0.1,0.5,82.50538585426344,107.73238819864817,102.64593718287114,109.84153119616944,89.03639829094685,104.0527873772935,106.97421304098727,108.67987275863653,105.15006169750758,102.52627467337139,100.90703176816172,99.75074600628766,105.17497623937912,105.10451892201237,104.23251569426166,113.85707749686745,101.00876931635979,102.52303842706584,98.0920578309629,106.21882147170366,104.05900722075678
728,0.0,0.0,2.0,10.0,0.1,0.75,73.7435061958533,112.08483205030211,96.98365822851183,105.95288917998813,110.5490940399543,95.13415149531754,111.32302335197734,114.76402306351336,103.10464783626567,102.15505431583793,102.18436736591603,94.40361632006787,113.13330709139551,99.698697378389,112.61792181479616,108.29648048436202,106.90570657918686,101.37762755288303,104.89819643669969,103.12778262533593,106.0650159655305
729,0.0,1.0,2.0,10.0,0.1,0.75,73.7880300874065,100.47433550598655,116.18764167461377,108.62208552325322,105.52970892621202,97.63206714331356,109.96252657506328,105.23482074267338,112.66843558689186,104.94540992174149,101.97406941978355,97.01693806980167,116.4533012397468,107.7782781735558,99.94988997534243,105.06933400793308,112.62417429682934,105.1023333143122,98.38345692771671,106.54028692182293,117.48264165460337
730,0.0,0.0,2.0,10.0,0.1,1.0,75.50719810615885,101.67642929597822,108.18305253636701,103.92917591190401,108.66354511869443,106.63558496693476,101.64537723554541,104.63811290059552,105.54685530797602,98.00534745376648,98.4511092140057,104.92897473109083,102.78311064291924,111.85553462172861,102.65187166474452,101.75250812256999,104.85034011483968,100.53979909628498,116.29950921352103,114.51933797394007,100.84754283378905
731,0.0,1.0,2.0,10.0,0.1,1.0,75.53118667500755,102.94680430560014,112.10208527516346,104.82655620753775,96.4070716412358,104.17515904045273,113.11748395604245,113.19728420247255,95.18829313473275,93.68265307040224,92.22332619518835,105.81769636671214,103.11156954458747,109.70611952229105,103.27347679396708,94.16782320633114,93.43753725887066,110.1179586874482,99.56627622620927,101.61661107701832,109.55845405484878
732,0.0,0.0,2.0,10.0,1.0,0.01,72.19461806868952,108.1830520520757,96.29527046063949,105.41381189696291,110.01400419351398,111.08247947933711,97.03324905466752,103.99058652338049,108.91179235149002,107.99966240386487,105.37216790450192,105.41615376638714,98.52046041238098,110.90498961920443,107.49210903450167,104.27205404360089,103.3712025814528,102.49316782064321,102.46589952987532,104.34738228427464,108.51983877311037
733,0.0,1.0,2.0,10.0,1.0,0.01,72.18430230568383,113.70711814977801,92.5678761944777,106.76242444252819,111.47020344533892,108.62553930931038,105.16490604633606,104.87272913569811,105.12000084183428,105.86608654190572,105.60093802684285,109.61939566772338,99.12957129624283,102.4294095096201,93.65483276329857,113.90186669883977,110.1533003479476,109.11719729283932,105.91232563151044,119.95191940539475,111.65100999235176
734,0.0,0.0,2.0,10.0,1.0,0.1,75.21255435582994,102.05620261569422,90.14188350159903,95.250585127303,109.1410366887434,94.04537971044086,112.97717631286243,96.20303370154797,113.11598772386861,102.71370254477154,107.97055768207768,89.83887594511688,96.1150751897525,110.26162547764471,100.16105127395852,103.81190085560438,104.14949550603068,97.43855561117881,98.71519664051095,95.96534231580891,101.01566155049656
735,0.0,1.0,2.0,10.0,1.0,0.1,75.22735694834606,96.76353114594338,100.82715699322561,105.59051204416063,113.81417658499896,105.33005032302812,108.0599960840485,107.85469818094133,101.901206493556,108.81448554725799,123.09209922434157,95.05560900335819,102.1009016216842,98.99230980949424,102.70031893045001,110.00669465454143,102.90635292711261,97.14796536657205,107.43144629008202,108.61287148538027,103.08221666957525
736,0.0,0.0,2.0,10.0,1.0,0.25,77.9625580039551,102.12606594595613,102.16331139992326,105.99746516541785,99.25511714904874,105.84508086077413,105.722577913539,107.57135144156088,105.98174555653509,111.04931183753503,107.52163369540605,108.64833271653292,94.52738231270708,111.43549943657304,109.61111480966339,99.38343642561964,105.84581512489291,109.80837653509663,96.77335758876512,116.38966227609544,105.56319460565267
737,0.0,1.0,2.0,10.0,1.0,0.25,78.01287745155729,113.62845387752317,110.94622246843181,109.53830063769836,109.27488945105286,102.70380703044043,107.37831111005349,107.47835998484442,105.83119924162168,111.67731486261194,96.7193915192852,109.59330843102858,95.40541884370158,99.64454677309716,94.37901751723402,98.19150688719819,100.27087582639165,103.79239012343479,99.38640972132296,111.9102051549525,92.51206639166547
738,0.0,0.0,2.0,10.0,1.0,0.5,77.22581027946828,106.73611007611535,99.05878975918989,100.25227499165649,107.19693126420519,94.18817843320772,108.6778796213513,105.02172213413623,103.15183197899539,102.4585052127623,102.6208941312041,107.61157601008259,106.89112545345179,97.16408624804963,107.4255159855203,106.5683214122138,98.12527729928145,99.24883743488562,97.17727025586743,102.42038796907917,104.39114462349362
739,0.0,1.0,2.0,10.0,1.0,0.5,77.2632138507563,107.17049877426955,113.5149025677209,102.17362673603952,99.11033943161847,101.4964014154176,100.06076565312651,98.93227972789768,97.78805683445718,97.03886741988084,98.70887239245071,114.39285570790067,105.94925424870125,111.9494645669366,105.48465832269866,91.6705938547513,107.12102535387568,100.39534271129568,99.46875242468386,96.25138129408805,101.47467349343347
740,0.0,0.0,2.0,10.0,1.0,0.75,78.46385820053041,102.24264414136891,106.8371979141182,113.70605960590257,103.1848583213499,109.10217994587657,102.4570616979099,98.15018676749791,97.81940858933753,109.01863495256123,109.26920914573707,118.343014280564,92.51707680063295,106.78201995530003,100.24132204905003,99.94788441280657,110.60630147172328,109.86365582113247,119.97217235309216,107.34387507377215,106.3914974675318
741,0.0,1.0,2.0,10.0,1.0,0.75,78.49612881439263,108.51286233454125,98.71940418001883,98.54172620486858,106.9257220112551,97.49121407628425,104.97104987618317,102.92530690563906,107.23368198361106,119.26465514972934,113.558559302915,104.56202959690708,102.9102359308147,107.39562295695758,102.83359275695129,115.10961289068246,102.31754726897749,103.85797171356239,107.47342242304767,103.20191004435297,93.86603084905992
742,0.0,0.0,2.0,10.0,1.0,1.0,77.39919079180854,101.3077444261727,105.01798371693236,96.8583875617896,106.84207468487723,106.2914766516061,100.18062623961836,103.1930287472031,99.39737540540366,101.35334261832803,111.09654551849468,113.33478683302808,111.6870061799597,109.09717434566608,103.27001211628591,104.57332064459834,106.63251797789133,100.1422381483787,91.7981390527481,111.7966135887439,91.95570955156158
743,0.0,1.0,2.0,10.0,1.0,1.0,77.41683941771015,95.57880375684258,104.36130310220578,97.34406948285252,104.19578013653,100.45801407255256,106.74979419088345,101.18525505194867,107.20725742565342,102.66831432145364,110.58611902711391,106.4442383239815,117.06462721061202,102.22955834049147,107.83765035258287,104.1704526081245,95.95785115174856,105.91550896320021,97.9586888586816,105.74551718348484,108.87044562447869
744,0.0,0.0,2.0,10.0,5.0,0.01,85.79521486028085,108.81521897078188,105.27674817375853,105.88013631574931,105.17013578546172,109.80931457980623,110.45145058028842,106.02112263308354,97.86662455747367,107.4485777261312,105.12442061208384,109.4170281597523,100.55138478790342,104.34066613377955,106.32226434989259,109.61746294113954,112.81226152987624,104.30020715876132,110.1206389584245,93.57613278487908,114.27889804828091
745,0.0,1.0,2.0,10.0,5.0,0.01,85.8116343694363,94.96907763504088,96.80978993087975,108.8202535689012,99.40780889203874,102.1294698682312,109.25596302616307,99.58672564811499,100.278008211528,112.75036110513764,114.53669559802258,99.624414932592,113.74779612692461,105.48736773915361,97.95351459104776,114.20553809747491,98.5438695151842,96.2467620504117,105.1928892661686,107.65015842712432,105.064174653982
746,0.0,0.0,2.0,10.0,5.0,0.1,73.85619756182236,113.68813806128074,95.96545493273368,107.40626544260941,103.06416644231999,96.75251369223017,111.73347778927432,110.86114178331478,112.69819693350254,102.84832783780435,112.85841708339206,100.85770232861807,115.59157948123068,103.41048329432677,106.56060127256234,95.71853419767528,100.3614928494441,110.45237394778144,102.71765641861128,105.67225774536112,102.04268473371346
747,0.0,1.0,2.0,10.0,5.0,0.1,73.86185392540523,107.57288217505207,92.86820255138464,114.41857603700832,88.47564735943484,105.57880492010936,99.92854689262039,104.8740604769394,87.98593240818698,104.27040621724781,111.45669043288655,98.6749855827832,110.59474282519591,101.04175481171335,103.26120800300411,107.78370920207591,99.06690351038895,106.98326676871307,101.6979606616761,104.01557738204053,111.37871678620311
748,0.0,0.0,2.0,10.0,5.0,0.25,77.98107879774297,107.2084979537799,105.40473804706293,113.5300189372492,111.26612184284387,106.69286336675033,103.95515770317935,107.05661973014757,117.1666912307869,109.89112635880971,122.31927217604962,109.81209010217744,113.63079244476292,110.61761596581562,103.15608473368562,105.82749865062739,116.49704193276837,111.5290041025758,93.86533800994414,107.44859724102584,109.16089058164334
749,0.0,1.0,2.0,10.0,5.0,0.25,78.01512908004918,106.29565346151333,104.52686493496496,105.44624415735802,102.25981446374911,99.75998099534307,97.44509395185888,92.83489499647602,105.56892107213228,103.4251814737693,97.794037877211,102.66068671849763,101.82359930498535,104.77284501731424,119.7153570607705,108.90921328676129,113.53083312682561,112.19455808311754,116.50870410613538,109.85053110902835,107.74200270693368
750,0.0,0.0,2.0,10.0,5.0,0.5,81.91718639381916,103.66473048749248,104.55092439058697,94.0412688666164,97.76071929163763,93.7419375287192,103.23906118233448,110.8612586580371,103.43342642357736,101.36092852373228,105.93901058385649,106.11454691546749,114.18289153380387,103.74981827908456,100.30836065926873,106.69213311434139,97.93246558862694,108.32014959661348,102.16688950029342,106.98718634843875,103.73568804418407
751,0.0,1.0,2.0,10.0,5.0,0.5,81.99220804774427,104.93536846368326,97.88445789270257,111.99057018949352,105.68468416682477,103.71511159776992,109.74945609732575,100.34437970672768,108.54021741503627,103.73084010698079,92.48697224305654,107.17539273735625,102.96074448826046,110.71606888097027,108.49419815306193,94.84440261764732,98.3605435377563,98.89176130351002,82.06909465373273,96.34362115258867,99.58090487723132
752,0.0,0.0,2.0,10.0,5.0,0.75,67.96446754193816,101.94266706472207,105.4225956156124,101.13162087493507,109.1459805574317,103.6593967011231,94.76808968502061,108.40993208478116,102.19524927166825,103.57682593636935,103.60511627281184,97.46229717912975,94.82782361154138,107.64764612426302,108.98694319743178,97.28545139607536,97.41282097479721,101.33199091826475,104.85587901503618,100.1065185335261,107.94893572658832
753,0.0,1.0,2.0,10.0,5.0,0.75,67.97903034086642,100.41025963957733,103.57655437525742,103.69475979726663,102.41215465013879,100.65548393114776,101.36534001640995,106.24148659367,111.45084163795583,110.7236448634978,112.61385739264745,105.23515115658843,92.18496029005506,103.32599904889732,107.00132969292072,109.27305004330854,99.77390791308,108.32898192459874,110.59630845525902,104.5578097616592,111.87471875708192
754,0.0,0.0,2.0,10.0,5.0,1.0,78.79787924461277,104.1219770298417,111.63276667830297,88.3317038476057,107.86727667743835,101.48981137871053,102.89044926853576,111.68854561286483,100.75784844592731,102.85443865250447,104.33299257414366,107.31498811047575,105.73484331550603,114.35067016385105,99.21983941834215,107.90396423052233,111.84151237290511,113.25356521690964,103.58267910636869,112.39658343346483,114.39923673662209
755,0.0,1.0,2.0,10.0,5.0,1.0,78.8597274955997,106.7558595166731,109.97175271034543,94.22097202746349,113.94026254878757,110.6380954335479,107.57777792025155,110.03268042376683,115.18617005863425,116.85658015106176,111.35668849303234,105.68711648977101,102.63047547548572,103.58361624208581,119.32161478688475,102.10196077632217,99.65465764964786,108.21025933328004,109.5539183830749,93.9479153341821,116.20528020431306
756,0.0,0.0,2.0,10.0,10.0,0.01,88.02847250173993,104.07557457849431,101.25861656230663,105.14231205406729,106.79902558249321,100.19068386967575,99.83405683718225,113.4261189261233,106.6435974388362,118.54647176262321,100.27841957119439,94.8885784041496,105.2354214433043,105.99590349291982,114.04646568224665,108.96141924734849,100.25066096432545,114.52967579713643,102.48747538587232,111.10645561289762,108.37719407896891
757,0.0,1.0,2.0,10.0,10.0,0.01,88.08192965958266,105.21108214916187,112.14257798067071,116.73103265958729,117.96307972797001,91.73578698788334,108.85488654851815,103.41816985787858,103.60713443968794,106.63513584958231,97.54598853338081,106.34262466760934,108.54822181569845,97.48717429951039,107.22163238388298,101.59491070292725,107.23046460277638,96.43431959640134,100.34646694911282,102.26685652479428,114.05193231952374
758,0.0,0.0,2.0,10.0,10.0,0.1,88.16345388392911,100.81112238936333,97.27964220383882,98.08577071007564,101.5826706346503,112.8486711694236,107.77180332910982,109.1428148201573,99.77626424080121,115.07179758404496,114.9965406213284,95.81532823273575,98.90337150226664,103.48587199646155,110.2509907699214,126.90261654485063,106.60389062361149,105.17313229873008,107.47839326442282,114.61386102087936,105.54683238753466
759,0.0,1.0,2.0,10.0,10.0,0.1,88.1548852771526,116.15782400381403,107.74752775958507,107.00510773656804,109.14796054524311,107.25636416411741,106.46858592557012,114.40649004134892,107.27948550454259,107.69486726572926,105.6477555515999,112.12263272648559,94.4779194642466,98.04599983136791,111.93805632483517,109.96495090228049,114.44118404402211,108.70813460155976,114.6824536154967,113.6486837967224,117.18748787017884
760,0.0,0.0,2.0,10.0,10.0,0.25,76.40318537950928,105.52659833723027,102.7158805156493,97.75450187997093,100.70641020259538,109.27953535782657,105.47010275782078,107.55451494522363,101.65642085246378,105.71213145208435,91.14399314295042,102.01272500577178,100.70272638122694,101.99401301977137,103.61109121154625,98.82588812840389,101.25096310528141,119.82699289872586,102.75455144443076,105.90783602914344,107.68831413678505
761,0.0,1.0,2.0,10.0,10.0,0.25,76.40226428466875,105.98140952032239,103.62801292713688,110.54897664441857,91.4376254125413,98.49175079364635,104.84943717371077,99.47900084385775,109.87220843225252,100.63801663258015,112.5680196728656,106.53826373537187,102.1986669780313,99.99472544619708,106.21265272526159,103.21144089224474,102.10713127701652,104.43764754035547,105.29872561579013,116.26395422991514,104.62072210139921
762,0.0,0.0,2.0,10.0,10.0,0.5,79.37498560948328,101.20928951945261,97.27749733874322,107.80342555063712,102.08444743967627,110.07452399662503,101.02873073062734,116.49868138125045,110.42657524145172,98.26241459662634,114.79985075434632,111.44628009013215,109.32548679687372,107.348234100649,107.03999042363327,101.62319266417029,103.49302959067104,99.35661630577403,102.99916400001499,102.86003085628604,100.24388670586514
763,0.0,1.0,2.0,10.0,10.0,0.5,79.42622729159899,105.19030337311048,115.36576827730354,105.12494865546343,118.2359350361837,104.89525359998392,110.23753018501664,108.84101522226757,97.51994830535226,102.99907454511784,99.00509179230338,98.13644066717178,98.28098689556137,104.30663932863779,100.75302696005387,109.31186968437754,98.74000417361147,105.95066593866386,115.04159143330808,112.24414764600616,114.08358725976055
764,0.0,0.0,2.0,10.0,10.0,0.75,70.423787594923,106.58439007314384,104.69032937498459,109.4537936887796,107.65073913701038,107.69256127255574,109.29307782245074,94.54431139858664,110.68665602889727,113.75033840776116,105.46466425157385,100.8705283321462,103.18096722253586,99.59776750663525,105.52487055507615,95.67441453643583,94.7572736297932,105.19743091797805,115.60610663172028,109.96399200676247,100.2235313437332
765,0.0,1.0,2.0,10.0,10.0,0.75,70.44761289458577,94.09788540232336,104.10246257053045,101.57041128705455,101.88709630169411,101.81685118829152,109.04978974940586,106.52123700384628,109.20566307937861,103.92617547179421,101.44262783738996,98.78258424949718,103.80884548484913,106.8869083866596,100.36691866494733,108.29354651529019,104.58873844152717,107.72176476361948,102.1776903645378,120.40513631013881,98.6710688018816
766,0.0,0.0,2.0,10.0,10.0,1.0,83.33038279010442,107.77879424650911,96.69129030053439,125.89660617617388,100.78500297349818,108.16464395220811,108.55147039563167,117.47354857377807,105.42221389530692,104.67961054195929,109.75597680022975,103.67054851666289,108.99483321422757,96.86476273671025,108.75270708432558,102.34776158758798,101.63011390034549,98.48819487530244,109.12096842353903,102.85554214829386,112.12262592408327
767,0.0,1.0,2.0,10.0,10.0,1.0,83.34465950438506,102.08894861538482,101.95234044874267,100.7854220561541,111.99254667862975,108.36563391921615,99.22193425324303,116.14238584582321,104.55219908618925,101.09724046053276,105.41388643733575,98.70535731737418,98.21199964401181,108.45852858660284,102.48232880264668,98.95782299478758,105.12069039497156,101.54013941675139,97.18365002722894,99.06270022337313,99.87396767052971
768,0.0,0.0,3.0,0.01,0.1,0.01,8.813726725430286e-05,0.00010567441912983135,0.00011249111725979116,0.00011760971558526238,0.00011746507221525964,0.0001178481641763603,0.00011079676203886987,0.00012394108416552473,0.00012216099023434896,0.00011553168920689383,0.00011790287838761011,0.00010932964755057544,0.00012068597051766981,0.00012345526865991033,0.00010871201132867187,0.00011186658623223245,0.00010649210019088321,0.00011551738846865645,0.00011187299737826711,0.00011773935375713522,0.00011781285092327747
769,0.0,1.0,3.0,0.01,0.1,0.01,8.812989842447687e-05,0.00012574199711929115,0.00011185725633728816,0.00011466495296613326,0.00011103790874207222,0.00012185990446387787,0.00011548177858171307,0.00012303002340196788,0.00011088953344155166,0.00011833172459039223,0.00011036483999592894,0.00010625976484172596,0.00011472126127716416,0.000115029388203298,0.00013774360882722606,0.00011948925851203636,0.00011011762988956315,0.00011319711788393438,0.00011641815053097834,0.00012488677452215813,0.00012021010456794785
770,0.0,0.0,3.0,0.01,0.1,0.1,9.296817185513908e-05,0.0001042060377276314,0.0001094891253755749,0.0001111833626680616,0.00011295159395208971,0.00011674384459046511,0.0001103956560064335,0.00011562677479184754,0.00011772186083249558,0.00010697699301582259,0.00011407075661945041,0.00011560653656134936,0.0001149478466738525,0.00011105314979532803,0.0001075034270324048,0.00011697060428213586,0.00011205436264529869,0.00011010377936366119,0.00010166230607844909,0.00010542025049548174,0.0001082645399474933
771,0.0,1.0,3.0,0.01,0.1,0.1,9.30185826767933e-05,0.00011787222810815278,0.00012131858645274709,0.0001075315359838887,0.00011680085637102247,0.00010691014108270465,0.00011234473822082194,0.00011888480141205027,0.00010765157641242688,0.00011123135848976933,0.000120537924341793,0.00010707445405235336,9.742605243497143e-05,0.00010739042301663482,0.00010874003441695223,0.00010301881661543018,0.00010135665470858673,0.00012469920479949313,0.00012663620070930737,0.00011506472248133854,0.00011747131186657236
772,0.0,0.0,3.0,0.01,0.1,0.25,0.00010534207903607498,0.00010737192271331577,0.00011155448725783061,0.0001122555288668914,0.00010786964636315695,0.00011672509385640785,9.857865996414368e-05,0.00010602584276745057,9.704753873288975e-05,0.00010140662190339828,0.00011154369586034463,9.12123319072949e-05,0.00011163247051359121,0.00010341300531120423,0.00010852866357339372,9.637489006393794e-05,9.834943204365563e-05,0.00010135072802928815,0.00010435599557498154,0.00011627457206724125,0.00010734655212000871
773,0.0,1.0,3.0,0.01,0.1,0.25,0.00010532203957291011,9.806212332782549e-05,9.905081612083836e-05,0.00012585532865422064,0.00010416086478166737,0.0001072298120017382,0.00010646040739249865,0.00011333022874549011,9.815134745162684e-05,0.00010557178580106474,0.00010278443248296418,0.00010197624906775684,0.00011359724737597019,0.00010186689792541781,0.0001140155182578685,0.00010781602070654515,9.834120085135317e-05,0.00010500005730863216,0.00011570068634771885,0.00010943814305063468,0.00011426463211648032
774,0.0,0.0,3.0,0.01,0.1,0.5,8.956398331641628e-05,0.00010370445715295737,0.0001003630170594069,0.00010598821750766807,0.00010584120468586412,0.00010054481776780935,0.00010091426047909775,0.00010371654088836874,0.00010760784283645823,9.572586794678928e-05,0.00010032124798265073,0.00010433411250729417,9.507682432893272e-05,0.00010733995788129542,0.00010337027309296645,9.219290203972891e-05,0.0001137035931322341,0.00010615912990639936,0.00010263034392032244,0.00011140783091927409,0.00011326251542760735
775,0.0,1.0,3.0,0.01,0.1,0.5,8.962742450509662e-05,0.00011049003343357582,9.54064973098671e-05,9.901851833617644e-05,0.00010362335980100014,9.933619701675419e-05,9.546035470701663e-05,0.00011183257302748765,0.00010723728638758936,0.00010278368845253128,0.00010091220688758326,0.0001085888979646497,0.00011376033322709333,0.0001043398475274075,0.00010552754256904271,0.00010401756295516442,9.520016114942584e-05,9.685718360583703e-05,9.45337979652835e-05,9.891693845199859e-05,0.00010170056621583578
776,0.0,0.0,3.0,0.01,0.1,0.75,9.607747874254139e-05,0.00010055685727729066,9.65655100874058e-05,0.00010220533786685042,0.00010214004107637926,0.00011295862358170611,9.211977650312672e-05,0.00011421024008163137,9.871472146209288e-05,0.00010145984563386285,9.787408846422805e-05,0.00010289060300756509,0.00010168406104134613,0.00010634594869597682,9.260409682003828e-05,0.00010988607386184073,8.883248959131087e-05,0.00010695778760186597,9.700360782834685e-05,0.00012179120915520758,0.00010613089855667026
777,0.0,1.0,3.0,0.01,0.1,0.75,9.606564046626609e-05,9.231543429505204e-05,9.985980158928367e-05,0.00010899087340838849,9.802383248952195e-05,0.00010295774594654368,9.308358122004128e-05,0.00010391296793746197,0.00010744048838053157,9.848881379046223e-05,0.00010454699269390705,0.00010686522669018538,0.0001020438309959205,0.00010125048707152391,0.00011064312133529422,0.00011123257105194719,0.00010682314319398189,0.00011027934019470614,0.0001040064680069815,9.58104005892602e-05,0.0001031717014702108
778,0.0,0.0,3.0,0.01,0.1,1.0,9.531130762632828e-05,9.443127868125554e-05,0.00010604453397627147,0.00010889879145296857,0.00010952732744468547,9.942367656797573e-05,0.00010524236648443406,9.515395565624541e-05,0.00010470936327879245,0.00011444773309355747,0.00011028602584116491,9.386400659169379e-05,0.00010501947316708076,0.00010575949169391452,0.00011862236335479692,8.669391133960647e-05,0.00010285796189435157,9.55237343301537e-05,9.76193418769504e-05,0.00010359928736370833,0.00010886513584544497
779,0.0,1.0,3.0,0.01,0.1,1.0,9.535274389705331e-05,9.733591720748184e-05,0.00010182639462982723,0.00010253332065025468,9.597052173020487e-05,0.00010964594958691334,0.00010896120353530248,9.987833277628074e-05,9.662298957883855e-05,9.773813732782704e-05,0.00010576362099650413,0.00011392133832804403,0.0001029300151443222,0.00010099315978804221,9.485993691997072e-05,9.988539755668142e-05,9.819170544268958e-05,0.00011060481654237182,0.0001036679927385465,9.731392472579115e-05,9.426869942923104e-05
780,0.0,0.0,3.0,0.01,1.0,0.01,0.001500520814894709,0.0015654681171149351,0.001485072640712579,0.0015396069642424138,0.0015884468112292852,0.0015405418015561041,0.001477481496091082,0.0015370746549079922,0.0015263447994631853,0.0015124127483995735,0.0015021389351607794,0.001527745617423445,0.0015427105961257801,0.0015072925507602255,0.0014989924580485524,0.0015202030255219601,0.0014778463497470066,0.0014998879861901156,0.00160051731837249,0.0015060640394260912,0.00149269037640193
781,0.0,1.0,3.0,0.01,1.0,0.01,0.001500830778451084,0.001482222826859754,0.0015804405511163503,0.0015277941004158543,0.0015206197823843823,0.001503188906395783,0.0015367467484362636,0.0015246463159288718,0.0014596039437086053,0.001567750006105727,0.0014933011499377574,0.0015138499946169563,0.0015903488944860437,0.0014523445457345994,0.0015764686728631733,0.0015771241174575852,0.0015381694307025826,0.001546379610367661,0.001500982936581256,0.0015533616159142955,0.0015348505974283285
782,0.0,0.0,3.0,0.01,1.0,0.1,0.0009529246830172099,0.0009760960024486545,0.0010298102545871182,0.0009957142633649078,0.000982357548315454,0.000987985210250827,0.0009686215330608032,0.0009822225479459625,0.0010145985537778242,0.0009674825242063829,0.0009921994797697361,0.0009903478003472656,0.0010108153389099578,0.0010346048859842072,0.0009839393303438674,0.0010158840104346296,0.0009595508184386226,0.0009582945697034858,0.0009792614873422132,0.000987833855674463,0.0009993375533388481
783,0.0,1.0,3.0,0.01,1.0,0.1,0.0009535682219954636,0.0010023800821907893,0.0009998853463363676,0.0009457124902242992,0.0010099215969711032,0.0009860215333679651,0.000953480894293692,0.0009464732767649287,0.0009845919477656936,0.0009643451767589109,0.0009619530693717571,0.0009749642892240412,0.0010172510493659814,0.0009855349238529851,0.0009494714536591861,0.0009928320751134549,0.0009766291958904542,0.0009479937520396588,0.0009868076960098623,0.0010046293748121194,0.0009977307130595908
784,0.0,0.0,3.0,0.01,1.0,0.25,0.0005038489460066116,0.0005041634789119092,0.000517851944094772,0.0005239768322283884,0.0005286349592676379,0.0005671226735968905,0.0005025764399129713,0.0005115553340433996,0.0005326017995009193,0.0005294807867304942,0.0005264712167235713,0.0004694420737107281,0.0004844683762749499,0.0005079676975908895,0.0005355172045987213,0.0005433387396098445,0.0005121921760625446,0.0005136271911904272,0.0004908043793385255,0.0005540182928413884,0.0005323037552060008
785,0.0,1.0,3.0,0.01,1.0,0.25,0.0005039037603099489,0.0005325302809976523,0.0005021693995367215,0.000518263201519175,0.0004988259434015895,0.0005460610774627495,0.0005082491539469375,0.0005192153787255073,0.0005204945210569679,0.0005125800160495572,0.000525726703407364,0.0005352022141410547,0.0005211075067948463,0.0005413355597191727,0.0005036889088310567,0.000490507220771449,0.0005000732637330147,0.0005021288230902351,0.0005358870930897989,0.0005508561837775214,0.0004900559076027435
786,0.0,0.0,3.0,0.01,1.0,0.5,0.0002035707229122985,0.00021951785359788012,0.0002248078420953603,0.00023008310134462726,0.0002192335678589126,0.00023142963782237338,0.0002256576604797418,0.00022284497599596006,0.00024375333408387068,0.00023622168865719372,0.00022538116723420343,0.00022347532428208323,0.0002208780121822574,0.00022789619046637135,0.00020632434017713478,0.00022149435625968216,0.00022136183502283885,0.00022787793588971281,0.00023366351897245637,0.0002257319173119253,0.00023798888163900473
787,0.0,1.0,3.0,0.01,1.0,0.5,0.0002034963193596127,0.00023741354605297932,0.00021514379915078244,0.00022594192004021565,0.00023543245224746286,0.00022789466332086254,0.00021936655791353536,0.00021618904940663732,0.00020647687251705248,0.00021361713081001867,0.00023142129503349383,0.00021530000377290782,0.00022136259813652722,0.00024017613916998783,0.00022399207513505202,0.00023651387456769427,0.00023170029650440222,0.0002143342922888029,0.00021525689675164886,0.0002291237522156254,0.00021679052324734917
788,0.0,0.0,3.0,0.01,1.0,0.75,0.00012574581959375042,0.00014398099010314383,0.00013319213696428767,0.00013547425482391705,0.00013078372306183335,0.00012698665788432804,0.00014660974623509438,0.00012352316610190301,0.0001276080133629593,0.00013650060543702084,0.00013455065557537533,0.00014283539006732193,0.00014941563762750182,0.00014380493690382487,0.00012679273650401405,0.0001328313164927533,0.000139475746865303,0.00014799390925861495,0.00013993251635008257,0.00011604656255675021,0.00013208588559508578
789,0.0,1.0,3.0,0.01,1.0,0.75,0.0001258190383914262,0.0001378747188070133,0.00013160060257586185,0.0001477219481208378,0.00013088860591815114,0.0001436070832144411,0.0001456926482461073,0.0001371637060654951,0.00012847530683767665,0.00014939563678131458,0.00013227990521380963,0.00012806867675158428,0.00014126254499259675,0.00013419642139018132,0.00013939741376292524,0.00013843780384193124,0.0001335183511782269,0.00013638174665019448,0.0001483128123861573,0.000128809051404563,0.00013804255212986294
790,0.0,0.0,3.0,0.01,1.0,1.0,9.908151279128721e-05,0.00010757090547836419,0.00010543851283250494,0.00011316281800239851,0.00011770131865583981,0.00012146861969236529,0.0001183580799311922,0.00010787857974496167,0.00011436354336804875,0.00011252832686067751,0.00010972359904862401,0.00011976214715696101,0.00012384856150073265,0.00010217308477354737,0.00011732677870139785,0.00011213464308019541,0.0001082528828050561,0.00010673877185425082,0.00012097052188624391,0.00010813736032854608,0.00010352235398853322
791,0.0,1.0,3.0,0.01,1.0,1.0,9.912739738475717e-05,0.00010818026665904487,0.00012342111404770476,0.00011302181929060118,0.00011041239654155746,0.00012956912061662328,0.00011144777521001777,0.00011006979392939913,0.00012207689030664396,0.00011030360075643615,0.00011622153073407295,0.00011792950810814786,0.00010682186971208008,0.00010720212122902723,0.00010770460483321438,0.00011116885940645074,0.00010462752526510237,0.00011395696943842817,9.991360861311976e-05,0.00011206073057304979,0.00011741928965135284
792,0.0,0.0,3.0,0.01,5.0,0.01,0.03554380643434416,0.03565083828750693,0.03568415723394818,0.035598067663072636,0.0351241146712353,0.03552575012139296,0.03562477928118569,0.03558602144686864,0.03541544509421762,0.035331923707026286,0.0353673123718764,0.035403961101747164,0.03552018702898807,0.0354904894503965,0.03520374939905685,0.03534547926660144,0.035397654350878285,0.03526949347487898,0.03513443313282173,0.03542531255835243,0.035711418360247334
793,0.0,1.0,3.0,0.01,5.0,0.01,0.035537245975288505,0.03536123564640494,0.03534888849459802,0.035413773628393895,0.03543246230716695,0.03554353827443706,0.0353833395201636,0.035383962132965345,0.035305710630826104,0.03522456016689485,0.0354277798230385,0.03541267896969963,0.03562848572216284,0.03558544484608269,0.03532205652701165,0.035412028017725236,0.03517336216335145,0.03550124044929205,0.03544980954788607,0.0351039876028432,0.03561357232590328
794,0.0,0.0,3.0,0.01,5.0,0.1,0.022478788914625767,0.02278048641507297,0.022814186620940455,0.022749109494456327,0.022663388840904193,0.02272866805128112,0.022605257620796307,0.022620383315739963,0.022634785409803855,0.022523033401602412,0.02260631078698895,0.022540051305819493,0.022668948868629694,0.022560018035473705,0.022527971388833487,0.022697141133379107,0.022845157694376422,0.022878083246960206,0.022697548178345052,0.022597215224521017,0.02285215850203632
795,0.0,1.0,3.0,0.01,5.0,0.1,0.022496173816908747,0.022750783251560495,0.02270397527814318,0.02274091417523561,0.02275774788333858,0.022619971626407883,0.022760579463031422,0.022711753322448403,0.022806374504719753,0.022661034304387415,0.022938441442126836,0.022954843411898882,0.02277552471195384,0.022608901560447755,0.02253874922419796,0.022608171745627383,0.02262656517138729,0.02252457863318877,0.022689717788849012,0.022692838264951717,0.02272552319259367
796,0.0,0.0,3.0,0.01,5.0,0.25,0.010740956215762319,0.010721438072102856,0.010494062441429917,0.01076479788955122,0.010657924158382688,0.010748933597381344,0.01063148186401914,0.010739642578979086,0.01071461400808266,0.01058322355226775,0.010593226701411705,0.010631231662586943,0.010639822913746506,0.010633277278112608,0.010677975554661396,0.010762557496684517,0.010739245133397614,0.010783919353049816,0.01068104330184074,0.01053905976257956,0.010700414518256457
797,0.0,1.0,3.0,0.01,5.0,0.25,0.01073815464632329,0.010680941863490164,0.010671813248874153,0.010508091484046913,0.010726175408986618,0.010753537245426333,0.01069952537505645,0.010747185940409567,0.010645373150883436,0.010595556147502813,0.010729775992111926,0.010837496935486675,0.010706743699515088,0.010679190444209731,0.010620976697866689,0.01075644058723676,0.010720247172045443,0.010597770557862558,0.010676483834879756,0.010642852758757683,0.01064143317430678
798,0.0,0.0,3.0,0.01,5.0,0.5,0.003047834091378186,0.003085480875181383,0.003029990828198043,0.0030341738883991123,0.0031067893001159846,0.0030568650601746706,0.0030222528964671705,0.0030387657021105877,0.00302690988138156,0.003007583251360591,0.003140799271109781,0.0031052701359781695,0.0030765920759297525,0.003003219041912208,0.00310980149983582,0.0031142165448430027,0.0030014222481570207,0.0030369507539873847,0.003024809393172166,0.003064466999673652,0.003061409217372068
799,0.0,1.0,3.0,0.01,5.0,0.5,0.003045001760317079,0.0030794167009952356,0.003054890811935745,0.0030660403318634516,0.003114954254406309,0.0029498643606425366,0.0031591857065391693,0.002979064183446251,0.003036331032527852,0.003045568222097797,0.00307813733059119,0.003063409252378184,0.0030873202926272447,0.0030557044972915476,0.003020573332235748,0.0030993388150480938,0.0030472812514069545,0.003105295935607301,0.0030017550460287746,0.0030707271382828948,0.003051349823184337
800,0.0,0.0,3.0,0.01,5.0,0.75,0.0009501360165587894,0.000963376852686325,0.000942724278034029,0.0009629398357916065,0.0009629321573507935,0.0009564613674105839,0.0009836379530415407,0.0009671653083057059,0.0009597314273585323,0.0009437486521366584,0.0009629941291941592,0.0009334587869465718,0.0009744209594641875,0.0009839583080987827,0.000949411071252324,0.0009787880346757464,0.0009808477234565128,0.0009278277129314408,0.0009498545937236415,0.0009761089734783468,0.0009429634227551011
801,0.0,1.0,3.0,0.01,5.0,0.75,0.0009475598953664839,0.0009105497965386125,0.0010104344957883053,0.0009696267173482665,0.000956095480831776,0.0009650498750145381,0.0009537568792073255,0.0009134078070199043,0.0009347923730160612,0.0010142485362892274,0.000978151848876825,0.0009294549188264381,0.0009755096187406249,0.000960630711366159,0.0009512633613082973,0.0009538150182617242,0.0009769821065584265,0.0009558830380951186,0.0009608246927664116,0.0009509751674562367,0.000994697570083774
802,0.0,0.0,3.0,0.01,5.0,1.0,0.00033135012065631903,0.00035615681025364705,0.0003424032410215862,0.0003545191016159353,0.0003597005559649093,0.0003445221099067448,0.00033223003008357645,0.0003664316444297862,0.00036554595416909513,0.0003554161482934048,0.00035681735132453993,0.00036024500976048374,0.00033827368009676465,0.0003592925951313504,0.0003678823271020817,0.0003648625594759275,0.00035234580263768684,0.00037049451331577326,0.00035257617771834753,0.000355317047753429,0.00035819472670545037
803,0.0,1.0,3.0,0.01,5.0,1.0,0.0003322107098147796,0.00034611065719216755,0.0003588184979765859,0.0003416588198118425,0.00035355426395628224,0.0003425937219608445,0.00037366036859679637,0.0003572802623221948,0.00036269875807713563,0.00033962808161074986,0.00034671246210647076,0.0003690185806732253,0.00035634410417809814,0.0003604954033785534,0.00036467177962006935,0.00037166241066920376,0.0003655526523115571,0.0003408268140905796,0.00034999671802580406,0.0003519116265221972,0.00034704557577305064
804,0.0,0.0,3.0,0.01,10.0,0.01,0.13965836417978936,0.13942268680814157,0.14009953818773246,0.13955581738284975,0.14002323676670048,0.1395199318890354,0.14006674607194353,0.14005485980741936,0.1404009911626517,0.13905470491792762,0.13982005762329758,0.1399006129240519,0.14027206105770068,0.14004140755046823,0.13938512511009649,0.14016374273912394,0.14022757694879856,0.13973465660559167,0.14014915363994532,0.13986360553979799,0.13943889030203713
805,0.0,1.0,3.0,0.01,10.0,0.01,0.13959890205596454,0.14011063071657998,0.13986236169552466,0.13947058197641635,0.1392938159560699,0.14008294180411926,0.13961776400420714,0.14008893225474017,0.14023767745931792,0.13959187461228983,0.13945692010981364,0.13914837714311354,0.13937253487229842,0.13960118414188583,0.13991480452892077,0.13984852521893426,0.13981674810224265,0.13990989992375052,0.1396995100169714,0.1395963847695272,0.13991104209756045
806,0.0,0.0,3.0,0.01,10.0,0.1,0.08896491931890547,0.08918755487141963,0.0891277593036549,0.08917965166542212,0.0892869623987652,0.08956865838675308,0.08971278358647686,0.08912270070311934,0.08908262160099775,0.0894123594845841,0.0889501817578466,0.0892925949153131,0.08903686143459005,0.08915628980501294,0.08933405429229843,0.08916521810564718,0.08942432203640645,0.08976660989683759,0.08926908485120502,0.08966388473669512,0.08944016437116122
807,0.0,1.0,3.0,0.01,10.0,0.1,0.08896808641539697,0.08897598365297997,0.08926633906078504,0.08902251139048319,0.08904776666744037,0.08933221579772421,0.08921706996764252,0.08914175742930777,0.08937550043389479,0.08924571783560187,0.08955246496311522,0.08914053564184797,0.08917918997206414,0.0892360043546637,0.0889940556035865,0.0891391063212191,0.08934005204848736,0.08905891388911805,0.08899360597222766,0.08935379277553113,0.08916145477066294
808,0.0,0.0,3.0,0.01,10.0,0.25,0.04169238492456924,0.04126658390629864,0.04153792734137554,0.041603453265733586,0.041566735873391096,0.04124888334271256,0.04142549089091755,0.04127474965678672,0.04170891547216567,0.041366628574216725,0.041478566841201214,0.041354821360846485,0.041540029102930545,0.041435835377467395,0.04142927061640447,0.041442339171370315,0.04159805170221734,0.04136859401217446,0.04172370261136452,0.04152252724329867,0.04145651732648436
809,0.0,1.0,3.0,0.01,10.0,0.25,0.04167497572682829,0.041323895290565286,0.041756176594942664,0.04151435295425234,0.041534857042526165,0.041376843587985296,0.0414606792086904,0.04151607624033073,0.04134031989461946,0.041437738738113114,0.041397168736085475,0.041447281054069085,0.04154161788882235,0.04134280934745751,0.0414870235697402,0.041527299167686334,0.04129448111564785,0.04157961150456848,0.04126495732475719,0.041212275445614434,0.04135425413312536
810,0.0,0.0,3.0,0.01,10.0,0.5,0.011906191043844569,0.011873232631952692,0.012004210706832143,0.011848164181980958,0.011912553133773202,0.011987206063331911,0.011943452207164062,0.011931699911287433,0.011946381834102154,0.012118023326617535,0.011862878859328907,0.012041637530937645,0.011850627470492602,0.011875622900588056,0.011738360783857373,0.011818457397909739,0.011950324983342161,0.011915297531199336,0.012029724748056301,0.011995190172305652,0.011986579412861272
811,0.0,1.0,3.0,0.01,10.0,0.5,0.011907739150637394,0.011928584901122422,0.012074901671544904,0.011992727554978875,0.011966371572497499,0.011863864668437439,0.01190119591892203,0.011842387903747663,0.012036612962623216,0.01190944470805676,0.011971578174156002,0.011782251979361134,0.011987301960644235,0.012035312039612629,0.011957000528474843,0.011912657658143115,0.012066835278861559,0.012034976147983196,0.011994684111975244,0.012032980732048811,0.01213856879669616
812,0.0,0.0,3.0,0.01,10.0,0.75,0.003572940951399993,0.0036464225700755977,0.0035102242751728937,0.003552234953578232,0.0035559265383472804,0.003487347979605953,0.0035420506248212804,0.0035501601303452148,0.003498452307698951,0.003636442309927616,0.00355831602743132,0.003555944903968323,0.003651526616080389,0.0034927718307596074,0.0035181415475036603,0.0035133080643477968,0.003578967912359801,0.0036018503564969008,0.0035017123637585174,0.0035653371128175765,0.0035443768869987246
813,0.0,1.0,3.0,0.01,10.0,0.75,0.003574006184783673,0.003573349778650919,0.0035252835812227,0.003470210883104341,0.0035340635710138287,0.0035257224245133123,0.0035093599935799246,0.00359015552130859,0.0034225057085786924,0.0036292363467380993,0.003521654636660878,0.0036661673017660155,0.0035359564361680087,0.00355557845433251,0.003560260709921961,0.0035376575992602283,0.0035359791487055035,0.003617114877735868,0.003489395235701056,0.003583945871316729,0.0035968289367016076
814,0.0,0.0,3.0,0.01,10.0,1.0,0.0010981981347673994,0.001137561155770652,0.0010999971852202284,0.0010839062866695374,0.0011152733237152958,0.0010793826481147871,0.0011606994855287316,0.0011134850067316205,0.0011063030339570601,0.0011021004093747047,0.0010792054155703877,0.0011522748101399423,0.0010922384458004533,0.0011306033634903415,0.001105729952599805,0.0010804267112166361,0.0011365163076348258,0.0010627476163183297,0.001111655478296961,0.001114747077702203,0.0011213455207519946
815,0.0,1.0,3.0,0.01,10.0,1.0,0.0010979236434998435,0.0011229560644987866,0.001152526880773503,0.0010972276740306933,0.0011173939980721474,0.0010892651159805642,0.001127886451230478,0.0011371620605373528,0.0011038882871690287,0.001093397663031065,0.0011033001575243243,0.0011308954844636207,0.0011146885547107703,0.001127898409955676,0.001081402959752365,0.0010609972513087036,0.0010983315951444725,0.001095911103047682,0.0011009272133364004,0.0011379833519476914,0.0011227266421353459
816,0.0,0.0,3.0,0.1,0.1,0.01,0.007746165964157887,0.010664742312632123,0.01004191397840172,0.010102142723883491,0.01086122319214842,0.009639688958658455,0.00996231230260142,0.0095170515483397,0.010766239144778965,0.010074306667939226,0.010432424752102177,0.010226737653395039,0.010700188717820205,0.00949328879014377,0.009591083501198992,0.011038469862788398,0.010680980411849146,0.011391702028918428,0.009443697400370547,0.009865319117917732,0.011458343740737249
817,0.0,1.0,3.0,0.1,0.1,0.01,0.0077424619365643035,0.00994755280209343,0.010600849483887547,0.010000009742031165,0.011032946155337968,0.011243557354037514,0.009241237317963155,0.009451736912296095,0.010730994313964374,0.01072297113702876,0.010390586449423053,0.011372019283421336,0.0103215552301811,0.010649451128114345,0.01007692479657909,0.01097351388587548,0.010176826214386772,0.00992979743399021,0.011009644845428074,0.011138814001200805,0.010967043273968094
818,0.0,0.0,3.0,0.1,0.1,0.1,0.008829891053566193,0.010122693155431413,0.010594155249738932,0.010170836995755486,0.009136601723252194,0.010336019346596581,0.010130393166560728,0.009915188377058543,0.009930856309708665,0.009653419153488302,0.010385386636327897,0.00974243568879929,0.008771498266361642,0.010903187989528164,0.010010454475798358,0.009652936963724401,0.01030723425492616,0.009762615091701551,0.010850224952690063,0.010197667928376591,0.010657163769001768
819,0.0,1.0,3.0,0.1,0.1,0.1,0.008827612072008655,0.009640279311035237,0.010955984940947855,0.0094579404912642,0.010673848035788351,0.010173241344766543,0.010644060503078723,0.009882663954659423,0.010481445803479194,0.010791116272995959,0.009659198699258032,0.010111289460674449,0.010626811829083885,0.010244119098184314,0.01051935250311809,0.010338448345405104,0.009908941659086857,0.009130985624267871,0.011059970264761413,0.01063229683603466,0.010345423732079157
820,0.0,0.0,3.0,0.1,0.1,0.25,0.010177523603785207,0.010779861521546613,0.010207215500047325,0.009512413206016005,0.010655922304810755,0.009393920041613033,0.010186578071215462,0.009862850431964667,0.010817964869998904,0.010880643725643494,0.010162622423323185,0.009539960585930776,0.01020134706753189,0.011430540059848653,0.010559699071301313,0.010549562326103129,0.01100173030209732,0.009393179842955582,0.009573634471255957,0.010528197947262154,0.01117403656533078
821,0.0,1.0,3.0,0.1,0.1,0.25,0.010177154402958213,0.009452932924801866,0.010340347343116604,0.010675876601973703,0.011297030797961653,0.010020204912700571,0.010492279070012208,0.010698278539001927,0.010443498530392739,0.00943081652062301,0.010961788916680546,0.01007548227036688,0.01011582877199198,0.009870394610842154,0.01132214270660118,0.01056929244097814,0.009425838322751307,0.011027199712290525,0.010376953985063013,0.010424340976033505,0.009603373580756809
822,0.0,0.0,3.0,0.1,0.1,0.5,0.008462335597521445,0.01129041431800975,0.010024025827907582,0.010820632169405781,0.011057700242069078,0.010018365428043503,0.010690423040055944,0.010364057278001477,0.011363974294315415,0.01046398048054742,0.010060049060956925,0.010401585340920744,0.010770849810146619,0.01038925281062244,0.010245700443285,0.010356276732560333,0.009523760330262546,0.010700493598639636,0.009863414123826166,0.010448991492308757,0.010411245166773855
823,0.0,1.0,3.0,0.1,0.1,0.5,0.008465147262247188,0.010127231926135365,0.010307928229869244,0.00988516473588283,0.01091571621271105,0.01006728482536412,0.010998018793967697,0.010438270184301306,0.010497537138017635,0.01060669131171448,0.010048324080144612,0.01061004092201784,0.00982003499369206,0.011257841981930885,0.010444641304929784,0.011232260467207196,0.01041089152854943,0.010442240682705111,0.011226989549502242,0.01075658263182692,0.010351784313275974
824,0.0,0.0,3.0,0.1,0.1,0.75,0.008986300385641811,0.010749790268556627,0.010728704308044259,0.010654463714928408,0.010366701576638725,0.009789144875094465,0.009278114642989393,0.010444317195122921,0.010261894955221484,0.00968628454768779,0.01023884759306929,0.010396822201306832,0.0096574853761061,0.010072125340346395,0.0100377290297116,0.010751307071253411,0.009471206320637611,0.00991922000084262,0.010000782060230898,0.010112484568306159,0.01038040144074717
825,0.0,1.0,3.0,0.1,0.1,0.75,0.008988766441017843,0.010977680308491446,0.010482605020883329,0.010248319486046363,0.011109562762345242,0.009625141814674604,0.011216747055317654,0.010767659099021267,0.010314082719198881,0.009274047638799828,0.00887993317909523,0.009862450533192344,0.010227512016702241,0.009514561250938016,0.010959810515832277,0.009585197995007465,0.008888918346526367,0.010382053789884585,0.010297949941137358,0.010236232258447353,0.009879927224879473
826,0.0,0.0,3.0,0.1,0.1,1.0,0.00986720688812041,0.010169219347647755,0.010507703418022957,0.009759260867774344,0.009717248741795274,0.009637422804593994,0.009693182540203373,0.01108181997386514,0.010356324501614153,0.010663599623876583,0.010310575043473161,0.010129156179135899,0.009851653892810322,0.010350922132739677,0.01026364885300913,0.0095752630972244,0.00998785807974574,0.010674715736913256,0.010969279280293747,0.009913009644911165,0.009953798162822719
827,0.0,1.0,3.0,0.1,0.1,1.0,0.009870223647902259,0.009604614802911283,0.009521430497304589,0.009795399280941603,0.010125216127162514,0.009697032596633546,0.010320254351974473,0.010002470270666372,0.011210158011986372,0.010990947384915769,0.009614742904544919,0.009264488423414017,0.00995117305306621,0.009599595879036608,0.009756330861157408,0.011650514077020299,0.010216103214424968,0.009443073949793278,0.010461841001565478,0.009658006062867033,0.009946055652336564
828,0.0,0.0,3.0,0.1,1.0,0.01,0.010223365480524924,0.011187917289033731,0.011282300996506405,0.011390313382198635,0.01115762520730301,0.011609944904350565,0.011203614485324448,0.012105934185862515,0.012051637299630347,0.011076707453851949,0.014185515489344979,0.010470930815057638,0.011776286598671635,0.011204231288880718,0.010586131206463298,0.011398209556098637,0.011259255045763472,0.010749875533768775,0.010685078170643103,0.010572399173672833,0.010569454226909707
829,0.0,1.0,3.0,0.1,1.0,0.01,0.010227665836548383,0.011682128881233475,0.01224331035696096,0.011767959475018323,0.011779038277115498,0.011881610834187569,0.011249027041356685,0.011175065254960705,0.011414336151147274,0.011982584310016094,0.011103726493868754,0.011891049247222198,0.011256770566395655,0.012368030321557248,0.01194574179019724,0.010412746418817379,0.01209459031335225,0.011584153448900385,0.011996376267935269,0.012112297508343379,0.010841695846948309
830,0.0,0.0,3.0,0.1,1.0,0.1,0.009333842748934637,0.0118295703799444,0.01019760102862861,0.010482792207123672,0.010864930723078538,0.010053045798505892,0.010943025634457582,0.010648752692654325,0.011766888438111314,0.010995250801322392,0.011750906774533611,0.011765939347026858,0.011099547700466906,0.010867846204734615,0.010509809277807541,0.011129932865561128,0.011574248053687813,0.010308533862406438,0.009801199519731105,0.011143481920009007,0.010542033298007231
831,0.0,1.0,3.0,0.1,1.0,0.1,0.009339681038211273,0.012053598328507055,0.01040198678349506,0.011514668471623583,0.010677306104726022,0.010993472429515296,0.011660352270636444,0.010987066188132655,0.011301468027040166,0.01120955203086796,0.010323795341991019,0.010896015273046669,0.01132877608520109,0.011610035162093442,0.011197616572715825,0.010919144912641312,0.011995795775318802,0.011240004449439312,0.012033101127649033,0.010883782678181518,0.010172435379920014
832,0.0,0.0,3.0,0.1,1.0,0.25,0.009255173066809192,0.011548001698515798,0.010212160821687681,0.010341158265012612,0.01132331714765007,0.010730314046809148,0.01170189037304666,0.010453123163377544,0.010347559483773597,0.009459819638786934,0.011183482635833774,0.010500465875556702,0.011945095305968628,0.010898439091311846,0.01026263024127312,0.0110741391464939,0.009775803941568559,0.011803977338367458,0.010371562722948138,0.010661201138084593,0.011112061708637669
833,0.0,1.0,3.0,0.1,1.0,0.25,0.009260668143902646,0.011731189155706168,0.010791895799625098,0.010679107467725678,0.010667929968351171,0.010609238704296475,0.010637602489615034,0.00990363162236704,0.011255884852300363,0.010118752594004765,0.010711473937721394,0.010605961358767116,0.01180513485153102,0.009916244463095681,0.011538116673037764,0.01109238678897118,0.01086910659497309,0.011300439943357188,0.010328626624121501,0.01067393248174339,0.011352823332138213
834,0.0,0.0,3.0,0.1,1.0,0.5,0.009684231442576132,0.010572906946439727,0.010748568034058405,0.010145541505141319,0.010436479854108529,0.010446091017560418,0.010993039074043958,0.0101319499160036,0.010686341476686493,0.010807983359142345,0.00985946778116104,0.009716538280242364,0.009330756961671528,0.010879899563624059,0.01094887500657636,0.011076462405088267,0.010908840836598833,0.010535167646783776,0.010795613755003316,0.010795962302066617,0.010277060149543882
835,0.0,1.0,3.0,0.1,1.0,0.5,0.009684312951792217,0.010078042190588934,0.00970017066466437,0.01040326426191735,0.010069568147736102,0.01113330370059773,0.010432976879352495,0.01033516400648281,0.010536945260385153,0.01097766411330965,0.011023376927551913,0.010320756581455504,0.009615561768013934,0.0107284232493625,0.010113319056352458,0.009977853670729639,0.010140563419161442,0.009961586934689846,0.011435817814666498,0.00945398887250694,0.010250766451334383
836,0.0,0.0,3.0,0.1,1.0,0.75,0.00868180117694171,0.010387060304191717,0.009557522995233412,0.011016006198840397,0.011460003107408466,0.011458710478186621,0.010473559434921176,0.010683988589560522,0.011086820318406116,0.010559398093195636,0.010493473605067903,0.010269398871865914,0.009475307509972228,0.010800328733929436,0.009873003228566124,0.009405933042048096,0.01017487224731492,0.010132094549532063,0.009534319120834614,0.01061446691342477,0.010091375545446419
837,0.0,1.0,3.0,0.1,1.0,0.75,0.008683451864863124,0.010413852710201144,0.010137441426701846,0.010322046468415603,0.009161508365746699,0.010864207662419918,0.009833432825108221,0.010773646061876911,0.010267585993795899,0.010397889142789066,0.009346497871560782,0.011109025525443633,0.009995824337797422,0.009591693774645967,0.01015842852449277,0.010288554582381568,0.0095491384227379,0.010251721770056186,0.01092678340332083,0.009997251698976854,0.010431753463262373
838,0.0,0.0,3.0,0.1,1.0,1.0,0.00906166963197826,0.010525843297367641,0.009156867610544791,0.010533749206393703,0.010029458881407233,0.01017670482913813,0.008677665043826254,0.010849058410660821,0.011073405627796313,0.011469809735467119,0.010586447501324559,0.009662003401802233,0.012057436987365841,0.009378928842872471,0.010561213572055922,0.009924563028631261,0.009967465915228606,0.010627366979444159,0.010039971464806705,0.00937803555884078,0.010504903580718674
839,0.0,1.0,3.0,0.1,1.0,1.0,0.009062118748710279,0.011546057841727473,0.009721920550517248,0.009879484892320904,0.009795749494398077,0.009332403997041504,0.011040496387417281,0.010208444164503989,0.01017108480204909,0.010509752867003855,0.010714751505263449,0.009716015933504903,0.010054181576391576,0.010755620428763905,0.011081378279939701,0.010911931626254864,0.010627627706745978,0.010387672749771816,0.009668282343696872,0.009628544868629617,0.010424566201659666
840,0.0,0.0,3.0,0.1,5.0,0.01,0.04399190964537672,0.04643360777121097,0.04572845416284182,0.046561016542241165,0.04448249776467127,0.04404200640198503,0.04503600220587957,0.04401538750050836,0.045613509906767,0.04477639208742252,0.045925485112986,0.04757961183293834,0.048974217106882635,0.047478783683365444,0.046104140519984904,0.0480613916536364,0.04840955000703768,0.04621121672509301,0.04651075529646537,0.04598974582631927,0.04454352517270063
841,0.0,1.0,3.0,0.1,5.0,0.01,0.04398529610086536,0.04532095442235294,0.047400373139078605,0.04915972625884212,0.047842754215504615,0.0449141008071776,0.045821506667348334,0.04443496937669638,0.04524740825256378,0.04823169520163399,0.04478190332925132,0.04648618141208393,0.047181061484900796,0.046554628056303865,0.04617866492657356,0.04787580965845024,0.045289327400103906,0.04661642299150424,0.044519362214187744,0.04672156908422179,0.04271230956213485
842,0.0,0.0,3.0,0.1,5.0,0.1,0.03171321864583864,0.03082469543270597,0.03179247615105339,0.03018945262880072,0.03272504598667124,0.03554983664334554,0.032780781741767046,0.0325006626942277,0.03419776001538734,0.032672532812401,0.032224774500784585,0.031056975555090554,0.03306481111585161,0.03253989094473719,0.033853201635726034,0.031692346150678986,0.035094202482456656,0.03321202913733169,0.03254456305017479,0.031524802261652655,0.03263216220268786
843,0.0,1.0,3.0,0.1,5.0,0.1,0.031721595537557365,0.033465384785805165,0.03207884717049394,0.03462705821121487,0.03281549762503409,0.032306308662714535,0.033923759897910404,0.03271814405313216,0.03182325051358515,0.033164186873808635,0.03251973619916383,0.029883921415471765,0.031421594095129644,0.034296706383725166,0.03435368557066197,0.03270423677913001,0.033104892929323594,0.03145143590569995,0.03212427771814681,0.0320955179155034,0.03244673549292771
844,0.0,0.0,3.0,0.1,5.0,0.25,0.020115432735257992,0.01947247109641657,0.020458882697119717,0.01957585239813189,0.020315992039791935,0.02018127750784566,0.02041259843627243,0.01974625782823833,0.020691542780200613,0.020929450661820052,0.021023333266105105,0.019601417287581746,0.021149840137802797,0.020225696631016133,0.018630222886596267,0.021866373819712577,0.020612780633025386,0.021420636828251374,0.022197426104355638,0.022182302150095038,0.021885172251966803
845,0.0,1.0,3.0,0.1,5.0,0.25,0.020119055373577298,0.021744163860733294,0.023158969464840088,0.022350445438053042,0.020761203415466584,0.021866674698162045,0.02196352835567429,0.021387744918259257,0.019983717725784743,0.022001282632549947,0.019254960421719567,0.019078414143251243,0.02151814449334988,0.02226934191230958,0.02039819793619389,0.022116519016123503,0.0211797321331292,0.01952897073407824,0.02148681835288315,0.021853365915759856,0.020645567928076453
846,0.0,0.0,3.0,0.1,5.0,0.5,0.012074769876766374,0.013363342857443268,0.014795788843088678,0.01352148904503668,0.012816396625791213,0.012536992076801345,0.012637081276384717,0.013135788298972568,0.013383136895991854,0.013003828026883619,0.012856594718887334,0.01383682398611491,0.012588950162181527,0.01452004047585399,0.01457177247652248,0.013095441865171411,0.013150926564397685,0.014667029664344449,0.014328055343795063,0.012513272950370516,0.014433960113409066
847,0.0,1.0,3.0,0.1,5.0,0.5,0.012080639767185784,0.014035630605396336,0.012409139225834824,0.013177027932320033,0.014405936119522152,0.013838616419257415,0.01185304021010281,0.012714470541711154,0.013422404809444658,0.014184821068844335,0.013444269894847065,0.0137530869573816,0.012748568579768907,0.01313767946548532,0.013310319301535862,0.013676127193484123,0.013826282016827483,0.013022802274597348,0.013844342104875113,0.013179622095411304,0.013651910395370788
848,0.0,0.0,3.0,0.1,5.0,0.75,0.010396357722010178,0.01144896454996027,0.011041333979234748,0.010833722211217922,0.011044050853963677,0.011061926832297968,0.010001716109623656,0.011217924191762615,0.010797133435566028,0.01221424276813083,0.011036695377980401,0.011620783066289133,0.011646068266822749,0.010966950375261911,0.010038819225396439,0.01237873959232846,0.011941797541924839,0.011769312302844772,0.01102333802081933,0.011519225313401014,0.012167198598260313
849,0.0,1.0,3.0,0.1,5.0,0.75,0.010393823761025225,0.011280775043459042,0.011029332570882972,0.01144089405211385,0.010201651891227936,0.010583996178319306,0.011776178132989479,0.010603991871798607,0.012259240032260602,0.011534373790875532,0.011300877413464581,0.010601157036953095,0.011095315719425054,0.01104274470467654,0.011988214751114574,0.011113037607819171,0.011059666756354366,0.010930796007942762,0.010850111138624281,0.010830644286619201,0.011223127589772796
850,0.0,0.0,3.0,0.1,5.0,1.0,0.010505862081768376,0.010666141163044682,0.01095770612433904,0.011520670354103717,0.010371987704360524,0.01073881641601277,0.009772707901191578,0.01021103467968931,0.010022137714846831,0.010315552319970544,0.009737507454362455,0.011422542816182204,0.010535351966832425,0.010138338803090886,0.010242948690370119,0.010296516318015321,0.011247777771116024,0.011895360160917906,0.010641883419010735,0.01061748847235708,0.010770595393922815
851,0.0,1.0,3.0,0.1,5.0,1.0,0.010506313831652824,0.009761643941661189,0.010449214044201165,0.010957235828820732,0.010673802460507857,0.010484367126220678,0.008985905650349532,0.009960637113778441,0.010587994533164167,0.009914943824137358,0.01046782877839933,0.010376316011612041,0.011056545817014648,0.01031901674666219,0.011562487219712174,0.010992186553666357,0.011513539763862489,0.009905319431128951,0.010167814016758817,0.01210301961489292,0.009994183484842305
852,0.0,0.0,3.0,0.1,10.0,0.01,0.15344745986029407,0.15277719096079082,0.15784251601815996,0.1517655765597297,0.15013240223125618,0.15331675370321876,0.15188339455405908,0.15209117661697388,0.151692626961174,0.14838615023439974,0.15227829956390293,0.1515107973078638,0.1500053767233205,0.14854693485703266,0.154600915615331,0.15190771189773708,0.1534415687232592,0.1477531284858618,0.14768868279156308,0.14571438788114757,0.14607016739194675
853,0.0,1.0,3.0,0.1,10.0,0.01,0.15347563916786458,0.1519267184942555,0.15288137999433354,0.14887581351689005,0.15033287989281913,0.15047275096575208,0.15681499150413566,0.146656586535417,0.1530876929658414,0.15216860565584278,0.1488119425938266,0.15309944340503895,0.1459990769072145,0.15479617628050787,0.15402795965962102,0.15107244353315477,0.1505029867551169,0.1448039570630495,0.15295376559015633,0.14925093254946542,0.1576625967222943
854,0.0,0.0,3.0,0.1,10.0,0.1,0.09345854552109306,0.09927197896127755,0.09956260157260023,0.10065152594433933,0.10092152922866168,0.09364806805709674,0.10290435523419647,0.09764525850802282,0.09485879273854585,0.09666202791969675,0.10417191637321689,0.10035307716557941,0.09687810208721837,0.1001970104382909,0.10079978856685477,0.10290605613919482,0.09969160580341128,0.0980936459830746,0.09735147760543504,0.09627868602956562,0.10386235143413408
855,0.0,1.0,3.0,0.1,10.0,0.1,0.09345338777161646,0.10126887422246343,0.09892575162913433,0.10052801709529319,0.09925176906965796,0.09780450762173275,0.09388729577294734,0.09930445924063772,0.09931959773071292,0.10322074673309908,0.10180465110557374,0.09866896852152397,0.09624894469546073,0.09814049102875311,0.09829644461459096,0.10102153575836928,0.09867737069943777,0.09830274069480295,0.10074617448343817,0.09796281633568713,0.09630413203760547
856,0.0,0.0,3.0,0.1,10.0,0.25,0.05298260942522977,0.051932231217963774,0.05194864543037261,0.04918743993632131,0.05234525056922819,0.05451007361509287,0.052074086488860596,0.054144400955028184,0.05338827248587339,0.05374721346304941,0.05475567015532995,0.052427589300768816,0.04980989903918177,0.051934356401709514,0.05131344565511274,0.05515638705316096,0.047255813286747175,0.05355800274830164,0.05195084339060215,0.05309736747055545,0.05066723056748301
857,0.0,1.0,3.0,0.1,10.0,0.25,0.052975675400007194,0.05156535177380415,0.052330341417689934,0.0529298868674593,0.052144254729627436,0.05251410209294066,0.05724506543677505,0.052105951696855314,0.05447485881741956,0.05062671146364845,0.05469062938781801,0.05251081399611376,0.05110668133898544,0.05365923670231955,0.05261509730833326,0.05079731352173419,0.0522157608724429,0.05220775546074583,0.053147302365181726,0.05078437329205484,0.05099895252788569
858,0.0,0.0,3.0,0.1,10.0,0.5,0.021343987849858297,0.021968625060963694,0.022288540199760686,0.024033626499999305,0.02190587681824165,0.0220993255954462,0.02096365540355586,0.02238165427853886,0.021318201980092967,0.02323139924718567,0.022016631124676105,0.01984669432180616,0.022580136600884666,0.02060598373961474,0.021499248092994645,0.02260071406271874,0.022048863796493536,0.022162045430541736,0.020949442638934824,0.022350432533777546,0.023443957771391112
859,0.0,1.0,3.0,0.1,10.0,0.5,0.02134647720450751,0.02182592768597065,0.021425923805625486,0.022288169978632907,0.020386973249220168,0.02100452624975002,0.02183747464547865,0.022439347536962306,0.02125403177809637,0.023784975877007893,0.022914889797314122,0.023192547149619047,0.02254012464829245,0.021854611721600276,0.02290800500995864,0.022073926100730723,0.022888574349684575,0.022188078871210996,0.0220109517320896,0.022898709115027213,0.021665782521259256
860,0.0,0.0,3.0,0.1,10.0,0.75,0.013130374691536807,0.013824788602319723,0.013610756769988058,0.013953578662109117,0.012633082836255078,0.014587614048749253,0.014216395871630505,0.012833936043985852,0.014759280989985826,0.012535201324090375,0.012952096994283147,0.01326895905208213,0.014278312138272907,0.013320267685385679,0.013052376574194733,0.012531257205414866,0.01433854004724379,0.015154488169543083,0.013294713109820418,0.012348920852503787,0.014236195214099667
861,0.0,1.0,3.0,0.1,10.0,0.75,0.013132614256463688,0.014388389434847519,0.014571919210704066,0.01410880230005284,0.013447914478931367,0.013063159377272326,0.01376842972433983,0.013583873720569331,0.014412916534790985,0.012727026148291866,0.01363328629336275,0.013088349358069315,0.013039713471216755,0.013081552450014682,0.013574116628533719,0.013591756148380136,0.013253347769602087,0.013886550178146464,0.013381208476458966,0.014596013864817119,0.01306226014286431
862,0.0,0.0,3.0,0.1,10.0,1.0,0.010140105310679099,0.011222480040610676,0.011171678467208727,0.010617383460229836,0.011167607989853645,0.01112551973932986,0.011522751773842233,0.011057260860035828,0.010312877417040681,0.010340927071006457,0.011596191123074175,0.012424525871423463,0.010306092405651439,0.011758439972296801,0.01238699326959964,0.010103725478585974,0.011209394956250849,0.011231346249678842,0.011310837912674614,0.010673926321646017,0.0105891362838058
863,0.0,1.0,3.0,0.1,10.0,1.0,0.010136091950415958,0.01152630688826415,0.011238505360441424,0.011777007095378095,0.01117255891829613,0.010993416950198932,0.01033916709543448,0.01132549566722572,0.011528683986187914,0.01069003999008804,0.011808945830401377,0.010884811542544299,0.012062736661482264,0.010687114463004107,0.010521783308170886,0.01184720114249593,0.011232491971627344,0.010205453358644312,0.011624271613114951,0.011200192435410558,0.012044630509676761
864,0.0,0.0,3.0,0.25,0.1,0.01,0.05909443491425457,0.06472192519876709,0.06335522373480701,0.06025229423323042,0.06374029297488039,0.06603880078789608,0.06500582450341127,0.06143440003386171,0.06613538636900025,0.06350435572559175,0.059287386487514734,0.05807798964583526,0.060912787498252484,0.06617609859062643,0.06694508689490077,0.0673047871926992,0.06507060909035317,0.06484769594887528,0.06648852455370922,0.065876026836763,0.062390095338760033
865,0.0,1.0,3.0,0.25,0.1,0.01,0.05910885254348859,0.06164461579440836,0.06293010867708373,0.05903940955050757,0.06508666524647864,0.058815888638229875,0.06386257927170644,0.06244123058842586,0.06099673089493008,0.05714465256314627,0.07121560295433116,0.06276872348549205,0.06966981348691693,0.06813916019013812,0.05775478448399956,0.06508176195414733,0.06697249407339091,0.0634284828115463,0.0571880895122432,0.06713607807899452,0.0694494675711229
866,0.0,0.0,3.0,0.25,0.1,0.1,0.0543429516218089,0.06283747670775947,0.06258095052082384,0.06774803290295146,0.061624572306312096,0.05989163401457297,0.07049137831055885,0.06028741179597416,0.058106236382125726,0.059841758051859414,0.06681657772854817,0.06398314577716235,0.06871993738924348,0.06832628500461994,0.06758731267980936,0.06476417968049042,0.07028844184619663,0.06485433284494488,0.05896145618983523,0.06883819026619989,0.06131894724649332
867,0.0,1.0,3.0,0.25,0.1,0.1,0.05434539065928417,0.05976148700629139,0.06285315021432553,0.06717922581876089,0.06671939950178538,0.0663725827555428,0.06069528514486008,0.06416672954024727,0.06650879235764416,0.0581657735540619,0.06398582167851186,0.0622276755195368,0.06489963148006558,0.062148427624802535,0.06859549330109917,0.060833872000512,0.06449543665562102,0.0649570884474747,0.05838125762139848,0.06848848227728013,0.06631952846335565
868,0.0,0.0,3.0,0.25,0.1,0.25,0.058692886059381125,0.0649355169377769,0.06071214059787526,0.06280109051101242,0.06347763496610467,0.06007071859547789,0.07238623348640821,0.06599397150586424,0.06853578994648625,0.0620205234471706,0.06102003268832032,0.0629289941472466,0.0647075675488555,0.05955927494591942,0.06639094802230845,0.06850642872673113,0.05711305240708765,0.06430695703903196,0.0625106010355124,0.059908008023199774,0.06339746969845983
869,0.0,1.0,3.0,0.25,0.1,0.25,0.0587101362644069,0.0641692585633736,0.06541798246664798,0.06405396833791738,0.0643127966854837,0.06934971794653712,0.07384360706135067,0.05651690835474488,0.0688177877451788,0.07152705481368432,0.07089768921006893,0.0608490459117126,0.06812074926909756,0.059543695925765895,0.062238236458686265,0.06292436014953864,0.06227455270833298,0.06475554522865384,0.06705589172701605,0.058889399619661484,0.06806362039698452
870,0.0,0.0,3.0,0.25,0.1,0.5,0.05150603989632314,0.06379542631347511,0.06541361459068157,0.06295400628526225,0.06551635771970685,0.06257037148885361,0.06889552502021033,0.059070118810393694,0.05859814265304669,0.06377027381771133,0.07146309216978272,0.0654555560183029,0.06482098429979762,0.06517854947447622,0.06250110472723101,0.06514191186209319,0.059297783069991145,0.06398578351565655,0.06265584360203427,0.06830046915435731,0.06449405127430127
871,0.0,1.0,3.0,0.25,0.1,0.5,0.05152284612874637,0.06494040052972369,0.0626351131815704,0.0631073644530133,0.06763539258158095,0.0685864129681948,0.06302810007540025,0.06637030711694263,0.06140129470778034,0.05995675510034305,0.05995417169576826,0.05967924937785854,0.0618733388322029,0.06740174619542984,0.06053371976565721,0.05971616810151495,0.06367034077536812,0.06636362358611095,0.06146792587404132,0.06115424479091244,0.07041415349468799
872,0.0,0.0,3.0,0.25,0.1,0.75,0.04974773728550018,0.06418983809470863,0.06508773063829272,0.06438997068316027,0.06726915718932155,0.06755454014333179,0.06154950574062425,0.059046945079680085,0.06515783769507087,0.06347479021395311,0.06368164720749128,0.06209870663761249,0.06481253388449436,0.06325077628274599,0.06194980522630028,0.06988931413590552,0.05872347015839905,0.06381517533802493,0.06515321124090007,0.06678964026517228,0.061690227971969554
873,0.0,1.0,3.0,0.25,0.1,0.75,0.049771012495811603,0.06790477611872497,0.06144209802039195,0.06207446607119746,0.06475643101846965,0.0595284811326906,0.06427734186471355,0.06862991828800916,0.0638685612654381,0.05930329113850474,0.06129074447266437,0.06713609415660002,0.06669716192306896,0.06669109634041909,0.06370810325711218,0.06882585042545891,0.062348490174272,0.0697979747014408,0.06377827616847898,0.06979221201578965,0.06536238881069674
874,0.0,0.0,3.0,0.25,0.1,1.0,0.04955122134955085,0.06076352930191924,0.059638895026447675,0.059526841856349884,0.06032541407935346,0.061506484563565916,0.06657255571025843,0.06319329845056013,0.06802639967440373,0.06334851058750171,0.06185541495291143,0.06738174379294824,0.06447862868775225,0.061730169167727354,0.07185101025679769,0.06129717408903292,0.0658276086955904,0.06445127335682262,0.07367192679007464,0.06677940209217542,0.061504085938472806
875,0.0,1.0,3.0,0.25,0.1,1.0,0.04956152923579714,0.06683673545489878,0.057658471565531194,0.058016351737448145,0.06582675240540564,0.05822592161611035,0.07012108332140649,0.06017591874278494,0.06613391097626267,0.062042118595457316,0.06296854104474126,0.06195089776593379,0.06508547065305548,0.06162844115731065,0.06505297176240131,0.06571805630602194,0.059019217029809126,0.06235179277204694,0.05872587983886997,0.06412921974618192,0.06497383284028652
876,0.0,0.0,3.0,0.25,1.0,0.01,0.057939372919113726,0.06608857693621595,0.0598016987565024,0.06154085472532079,0.059546296081731474,0.0602067763118383,0.06093996286947812,0.06298912895160927,0.06663389199146694,0.06623860376389637,0.06282326878476997,0.06010546334763068,0.06162297676369258,0.06475776995827529,0.06601176774143987,0.05858207374852314,0.06291823218987133,0.062014323549235986,0.06738255566964653,0.07236246803293894,0.06693460690737531
877,0.0,1.0,3.0,0.25,1.0,0.01,0.057954971022110474,0.06297133285490185,0.06467256508866616,0.06779116967020428,0.06440797257275149,0.07041672716609207,0.06634125204227515,0.0703280471896984,0.05976746783180139,0.06614886414821623,0.07023824783599232,0.06102438938718384,0.06322960662343205,0.06563017761530104,0.07336135418113165,0.0664033920776143,0.060166387022163426,0.06412522600766692,0.06784128732184101,0.06797604250283538,0.06616541244226612
878,0.0,0.0,3.0,0.25,1.0,0.1,0.05795894287069168,0.06945683593216247,0.06466598439651343,0.06352884483895095,0.06347467645714733,0.06955876357282686,0.06581799385307674,0.05782160587846661,0.060912329327283944,0.06184088307371853,0.060107021998486845,0.06189594626210621,0.05970713492498836,0.06193419915507366,0.05756823754908822,0.06908519522375116,0.07058389521146406,0.06750180016523416,0.06318162287134053,0.0629887019552657,0.06817422716195642
879,0.0,1.0,3.0,0.25,1.0,0.1,0.057964353155389246,0.0624473465412392,0.06489705975548891,0.07030943583494834,0.06479901771877883,0.06985255572338817,0.07087129694448022,0.060566207609441446,0.06604705310653505,0.06376176024323825,0.06287662878718538,0.06693517686453593,0.06583033359754228,0.065743598733193,0.06466282389763492,0.06183205554435976,0.0658466058655601,0.06010568720097733,0.07176791301795242,0.06160584022466053,0.06382696320808268
880,0.0,0.0,3.0,0.25,1.0,0.25,0.056038928905944564,0.0634457015557065,0.058944340126107955,0.06932015253820369,0.062266537321578,0.0648457522652461,0.06973604243412614,0.06598684518784334,0.06505678430516819,0.06452490923579902,0.07004479816063149,0.06423071233436611,0.06645132442148872,0.06131086713252945,0.07121315178864816,0.06711244445715758,0.057679791203867736,0.07152458517831137,0.07023086200357659,0.06374342631948121,0.06525132868066616
881,0.0,1.0,3.0,0.25,1.0,0.25,0.05605492065233997,0.0664488917713453,0.06308237762150339,0.062040443839769206,0.0662445496761065,0.07092055761458152,0.06638078235238694,0.06525547098269675,0.07037779264889829,0.05836211941004019,0.06627176095412526,0.06516042205170662,0.060710437994197106,0.06742286984785219,0.061046211083877935,0.061642498314162186,0.0635960652087568,0.06346309266769531,0.0639462784497144,0.0645554049873839,0.061996379382237635
882,0.0,0.0,3.0,0.25,1.0,0.5,0.06032556369555284,0.060215888317923905,0.0686328635131845,0.06367609719794166,0.06651331917796113,0.06384761914034785,0.06893547739162671,0.060076977043744435,0.06308065676436349,0.06659493696887461,0.07364685271692442,0.06551888523602634,0.06504520228419779,0.0656007953431902,0.06564244209743876,0.06987125438525972,0.07235641709903778,0.06638302895086108,0.05732705229375483,0.07101040742868096,0.06708762498493934
883,0.0,1.0,3.0,0.25,1.0,0.5,0.0603328770994068,0.058755939030633295,0.06476172678996256,0.06757098444277951,0.07065871983081984,0.060215539108624185,0.06853780514351095,0.06716691423989173,0.06434612539652262,0.062071357928695274,0.06909829595477482,0.06085231580778336,0.060934155736962634,0.06414507529430209,0.05906680748948065,0.06698528166180924,0.0659228271922428,0.06169556686407058,0.06536426334225884,0.06248559774406879,0.06850367273453897
884,0.0,0.0,3.0,0.25,1.0,0.75,0.061050109035817174,0.055562759000308895,0.06661277120250213,0.06741079056069667,0.06539692382523239,0.06296657940265617,0.0646752855215218,0.0713996520496526,0.0618243189869796,0.06140002628919906,0.05950395434262951,0.06288661718461554,0.06384626996301113,0.06488072563874682,0.060734281587850866,0.06932327540189812,0.06341363599753916,0.06050386888360894,0.06773983677246168,0.06401592994103808,0.06556382673522118
885,0.0,1.0,3.0,0.25,1.0,0.75,0.0610655235661093,0.06290657280504326,0.06876978994401786,0.06219614357563652,0.06818893446164465,0.05775934579671657,0.06379727154775162,0.0667330342962711,0.05779998267772555,0.06273993519622417,0.0638191070000783,0.06874510709233467,0.06034180459555614,0.06557399354154429,0.063207054869232,0.06225777972445834,0.059230441908827376,0.06710407233106858,0.06423611285451691,0.0641164798449365,0.06897533923615
886,0.0,0.0,3.0,0.25,1.0,1.0,0.06458410475321275,0.06328712877034051,0.06428517139548535,0.06907457123298134,0.06079356745086019,0.06620876410554973,0.059654162071039026,0.0676095971563197,0.05834533684957555,0.06107967831091671,0.06558710754998005,0.060095144999589706,0.06268931904693639,0.06489179771464762,0.07068266036661017,0.06452577092218076,0.06345431607736694,0.0710349913827554,0.05837847245665328,0.061469391017737726,0.05727348653641625
887,0.0,1.0,3.0,0.25,1.0,1.0,0.06459830416972492,0.06838809849876384,0.06296083638814828,0.06262414557462255,0.061686459296547855,0.07028684735159027,0.062198496719891555,0.06826265309214369,0.05697329481469312,0.07095574978053239,0.06491572195886207,0.06851850765346719,0.06658336927421465,0.06524939318509976,0.06278752092500522,0.06864950997004368,0.06819793117158135,0.05915849271116354,0.06816125734982838,0.067633047374126,0.05877177973909752
888,0.0,0.0,3.0,0.25,5.0,0.01,0.09234325004646896,0.09102155113233844,0.1021116129273114,0.09258882357257392,0.10559890248207734,0.08913155650416292,0.10135062240309321,0.09973833060359591,0.10263434319706725,0.09393777560253762,0.09650326603586624,0.0985272940651125,0.1102355355708379,0.0959555007093375,0.10166077008532282,0.1024279956193589,0.09511134347572725,0.08951146444850952,0.105992757302155,0.09517533813658464,0.09470868064049992
889,0.0,1.0,3.0,0.25,5.0,0.01,0.0923966966386562,0.11152717860554708,0.09870892999400221,0.10369846161009057,0.09562996026788387,0.09905172810126919,0.09846877734199388,0.09978617477575327,0.09181013952732299,0.10142278418259794,0.10336173502336356,0.09808357400160306,0.10084832099161561,0.0890557612069914,0.09628326493532506,0.09921381068244998,0.09714820851281131,0.09614564342030313,0.10656223859986981,0.09591454127792565,0.10409637641597115
890,0.0,0.0,3.0,0.25,5.0,0.1,0.0794819930052998,0.08061879444812814,0.0857163707690267,0.1039742030713893,0.09547200361665449,0.08379332131749427,0.09350534822913029,0.08369854576219835,0.08886429662095516,0.08544018422410975,0.08757374260418369,0.08834787144182835,0.09391653534482684,0.0791789073577228,0.08910560103108085,0.08825621335024421,0.08738107664516369,0.08266011749567367,0.08700433129475142,0.07423397921532866,0.08693016776597519
891,0.0,1.0,3.0,0.25,5.0,0.1,0.07949666269146638,0.0846007071760839,0.0816893062442468,0.08120398834806392,0.08968650388878793,0.08427473427597808,0.0860961231262244,0.08731510519200217,0.08448873148142741,0.08678083424818483,0.08960778037725092,0.09163710274495154,0.08234170200122988,0.09092056947229653,0.08000410365878,0.08910164636273664,0.08991112048315156,0.0837370859593793,0.084291413018768,0.0855803730797128,0.08768528053037303
892,0.0,0.0,3.0,0.25,5.0,0.25,0.07056029196722016,0.06877077496286567,0.08533343720806702,0.077763628241274,0.07640669286038944,0.06972650154318054,0.06968861588773684,0.07466394609093327,0.07846853637092391,0.07039065037229454,0.07506406479729014,0.0772551022375384,0.07613425000967357,0.07759978423455872,0.07535710824613664,0.07653118313838,0.07614214578383667,0.07261384567695976,0.07655076435476076,0.07178111996869263,0.08090725291024053
893,0.0,1.0,3.0,0.25,5.0,0.25,0.07053291889516382,0.0809028043718239,0.07555715808759603,0.07321296437494017,0.07032717984251859,0.07866997564216108,0.07657739603638362,0.0765702094556925,0.06850037450931673,0.0708301391940874,0.07014767153607104,0.06447225219152156,0.07496441321361268,0.07035166338493272,0.0788807334519407,0.07380450886991821,0.08035522438671444,0.07603302002784344,0.07725796822429944,0.0687460806863478,0.0732159674144478
894,0.0,0.0,3.0,0.25,5.0,0.5,0.06302726722046091,0.06531490290264139,0.07262887607221058,0.06696676209508572,0.06595691117308707,0.06856699598316394,0.06927428689680287,0.06767140512481228,0.0672303545498466,0.072715958834859,0.0615966104710991,0.06308795004922427,0.06967190054698795,0.0628373354634802,0.06521123044640972,0.06941555065398414,0.07093632184613036,0.06467820339527595,0.07264855155153668,0.06975869190654457,0.0697504117045904
895,0.0,1.0,3.0,0.25,5.0,0.5,0.06303377070653725,0.06818285952272495,0.0643620656372582,0.07002918846043794,0.06909604434472631,0.060751294265171576,0.061554841837555545,0.06834012351644861,0.05760764169478531,0.06472090002483721,0.06504587894484809,0.06574644883708775,0.06738252837171638,0.07345379961409583,0.06627668731233657,0.06930293097559895,0.06485034607332225,0.06170430508467714,0.06446232664665939,0.07358826770879852,0.06860055895025019
896,0.0,0.0,3.0,0.25,5.0,0.75,0.0604583438102627,0.06390481308737656,0.06437103426630456,0.06185728037510628,0.06575739744295184,0.05697526367988273,0.06129639528004165,0.06541014083344894,0.06705345371764548,0.06862785566166359,0.0701728418434896,0.0643998570313124,0.07163407192209932,0.06631746461671895,0.07013012186618137,0.060692968911965704,0.06822480174657028,0.06451945803922265,0.06598696192683792,0.0657986048792692,0.06173723479056299
897,0.0,1.0,3.0,0.25,5.0,0.75,0.06045101074082128,0.06875929148857897,0.0685285902001062,0.06016158058331099,0.06414095093340522,0.0627193601466127,0.07081100725651956,0.06619710459423106,0.0665297677319091,0.0670124931325903,0.06807981254373827,0.06849886796574228,0.06534016432359552,0.06558057239925687,0.06649037639890149,0.0633728438673486,0.06206218456255253,0.061172419163637456,0.0674864445865738,0.06246985920454956,0.06756760014850997
898,0.0,0.0,3.0,0.25,5.0,1.0,0.056519873014360476,0.06096317920812498,0.061150850645799004,0.05513753138269031,0.06711520471868883,0.06341555764137843,0.06245300827593926,0.06402922723542438,0.06291926194642516,0.06042155525566118,0.06321394506732038,0.0649318291058136,0.06222198422368631,0.061269623386330685,0.06429244200390394,0.06348005476248533,0.06243582610400856,0.0656984861936493,0.06747454801358442,0.05946103945492562,0.06325656951095066
899,0.0,1.0,3.0,0.25,5.0,1.0,0.056549335682849734,0.06940484821627389,0.06675218708275374,0.066013413811051,0.06439419667827717,0.06888073920895717,0.059956144276792994,0.06322067735438129,0.06306273977913639,0.06976655630035661,0.06257954549935793,0.06593379290908852,0.06448414123110545,0.06190913736820877,0.061470390798434686,0.06979484475119671,0.06666276688744777,0.06203418382907151,0.06731885255758113,0.06383786304306309,0.06298095227182891
900,0.0,0.0,3.0,0.25,10.0,0.01,0.21564034017943073,0.20034104865923585,0.20915502241246617,0.2088398420914651,0.19400294756178446,0.1943943132155031,0.19439720591104187,0.21200481983213698,0.21296460417309462,0.19809786971254514,0.20740552060417886,0.20646302944084802,0.20830603580330181,0.21045181981991892,0.19947515737238392,0.19897980040467142,0.1894562237144902,0.19495978307719306,0.19467362524022136,0.19155763114044616,0.20448242481733167
901,0.0,1.0,3.0,0.25,10.0,0.01,0.21570459781319679,0.20704211013929422,0.21182576894797248,0.2076979914430341,0.20258789854130965,0.2066703229810043,0.19870527965758647,0.21507332177416782,0.20910414309510847,0.21253380687562445,0.20965922093928147,0.20562419466491091,0.20107517636203134,0.20315689436760373,0.19534874135371869,0.2039410081087023,0.2073811430141427,0.20240998005350436,0.2061785297297466,0.20804474782425295,0.21224638355092548
902,0.0,0.0,3.0,0.25,10.0,0.1,0.15227887226851772,0.15140163032938425,0.15394360630934947,0.1639115457716446,0.15502930320797534,0.14140912221170757,0.13982933012765403,0.16118466203985332,0.1502183750816805,0.1444514008982427,0.14424449682204282,0.1511642085635838,0.1475272140962076,0.16005555640438993,0.14046940372316388,0.14009430583858992,0.165472158478556,0.1548542448279702,0.15354191530110775,0.14850187834538173,0.14328418418996322
903,0.0,1.0,3.0,0.25,10.0,0.1,0.15236297997818915,0.15662978326749782,0.16510175003242772,0.15204358767296766,0.15737401094183415,0.1583845672424235,0.14208154796471387,0.14294435034092237,0.15465464328494727,0.15676134708492553,0.15669387657219644,0.15444825547323562,0.15906608130130848,0.15501050332914484,0.1483244010580124,0.1575289311450129,0.1533680288737742,0.15092346090361103,0.1496952278250261,0.1436934447327024,0.14970659747446124
904,0.0,0.0,3.0,0.25,10.0,0.25,0.09703423044735526,0.1055904880675762,0.11274331988691898,0.10311168387842667,0.10412583346531347,0.12350569965797163,0.09492204081257191,0.10777442921536518,0.10423819832219672,0.10130225072993448,0.11325448201065583,0.10456021534798599,0.10444519439301571,0.1186548691571273,0.115413601692308,0.10204034868457011,0.09131663224125683,0.1095449003660481,0.10388116294003785,0.09921697523591524,0.10307637800719263
905,0.0,1.0,3.0,0.25,10.0,0.25,0.09700277474678824,0.10132034270452234,0.10104296684553059,0.10167516308833367,0.1058271157553476,0.1039184530285294,0.11807140270597578,0.10410486506607522,0.10272993769240979,0.09985315288253083,0.10608573846759618,0.09989606027457242,0.10863917075649583,0.09938574685182909,0.1039013099801251,0.10119171720469755,0.10221427033142226,0.11133649945661937,0.1170051905245869,0.10612633364451135,0.1042173327467582
906,0.0,0.0,3.0,0.25,10.0,0.5,0.07608244770492599,0.07631645524382355,0.0798901320685409,0.0778432652278435,0.07273312120820977,0.07891671881409314,0.08302181529469974,0.06772498946146276,0.07869359705324118,0.0784450194329763,0.07627003611385069,0.07733369770678773,0.06886727642205441,0.06898536165649918,0.07498070482870182,0.07934613466478298,0.07441668360864506,0.07778304769639476,0.07792824765818378,0.0733534817127061,0.07186540583285239
907,0.0,1.0,3.0,0.25,10.0,0.5,0.07609423513366742,0.07808839882641484,0.06904938174056587,0.08001740096509168,0.08293959599600252,0.06764383063036816,0.07928926768727024,0.07733647920976687,0.08025060748077281,0.07092548943452232,0.07512543883250185,0.0836525995936634,0.07394201223335917,0.07523683619268814,0.07430321638423132,0.07332060503880222,0.07592994522271068,0.07942233618014942,0.07766860489038631,0.0680568958481748,0.07437408214715303
908,0.0,0.0,3.0,0.25,10.0,0.75,0.06634222937104617,0.06661343297736286,0.06991613226470758,0.0707945017685422,0.07162282907708079,0.061652496411725266,0.06819469895905883,0.06867458920439756,0.06606718346106938,0.06944653780001309,0.06330960561860477,0.07401381434663153,0.0690178733547456,0.06378618868355468,0.07411390771105894,0.06773001514102357,0.06539981131773694,0.06242291005830314,0.0667308272894238,0.07211039545936736,0.06778949692686569
909,0.0,1.0,3.0,0.25,10.0,0.75,0.06636178905706296,0.0722635275810146,0.06934074642287523,0.06982025095563281,0.06333740176566521,0.06480238375958867,0.06432900879900906,0.07053629441647051,0.06902947264406548,0.06805246891133306,0.06690163032540067,0.06155023700034615,0.06150107558600935,0.06859716367272069,0.06593408293032803,0.06906864358199886,0.06603942207334006,0.0676610332733609,0.06811287718310456,0.058872400561612005,0.06485886138404001
910,0.0,0.0,3.0,0.25,10.0,1.0,0.0583496919411167,0.06333609535894749,0.06392190088905847,0.06871032524185752,0.06290641916887169,0.06129331376326998,0.06440793784902879,0.06255444033032391,0.06936007517299532,0.06887552492663422,0.06625778647743796,0.05982677279733846,0.07049200588175102,0.05803982423583527,0.06867216178361411,0.07117092713543541,0.06761095741575848,0.06997981724781796,0.06813740093530958,0.06365745813553897,0.061321503198012946
911,0.0,1.0,3.0,0.25,10.0,1.0,0.05833972718480104,0.0665538238294018,0.06444027311454555,0.06645901253581847,0.06421613165687881,0.06441479039379479,0.06521477727076028,0.06507528225045116,0.066651946287588,0.062325757477230743,0.06731236233075998,0.06712063920692346,0.06806692288608976,0.06728293844242256,0.06742503298884701,0.05704375544648369,0.06510453932012294,0.06409334493011175,0.07205855135561832,0.06490782950011346,0.06277876328008526
912,0.0,0.0,3.0,0.5,0.1,0.01,0.2422138305188665,0.2784644664879094,0.25055392927000053,0.22914909000757416,0.2485712813384654,0.2500301576148323,0.2779530586639166,0.2525605165301129,0.26490202915197314,0.23631558207365141,0.26594003875168826,0.24875264084579435,0.23508564272274074,0.2571639029204861,0.25851611609744685,0.25458711783961235,0.26721659953467153,0.2714545703065839,0.2635110894274814,0.2454217604577081,0.24914425335602577
913,0.0,1.0,3.0,0.5,0.1,0.01,0.2422095030570852,0.2523533085374176,0.2648468229187039,0.26229235422599145,0.27255441984872797,0.27232741095404206,0.277078717901912,0.24758706388847196,0.2664331758593661,0.24591829805147167,0.2859928222346568,0.26443793812459887,0.24690648516292268,0.251497826830292,0.2607696592381789,0.23108123883161732,0.2542315043225284,0.2503183188134112,0.2741129811474344,0.26479815420509634,0.2597294309316876
914,0.0,0.0,3.0,0.5,0.1,0.1,0.22281816782621466,0.2414848354641245,0.24590281312032217,0.26760218369660277,0.24764265566489765,0.2526283784462355,0.23739714243846066,0.2633940280913533,0.28391933399848046,0.24512877888078383,0.2668425000275697,0.27037033943381567,0.2821910480401649,0.2664434348210576,0.27217721460491956,0.23580982583104146,0.27055895324733076,0.254048286479258,0.26853835868179093,0.24717007427702592,0.2641797625298511
915,0.0,1.0,3.0,0.5,0.1,0.1,0.22282697508258278,0.2544400761665176,0.27661444341124464,0.2535891242826632,0.2782487355355719,0.2672896076653528,0.2575801780965583,0.25156001212636986,0.23252587366660546,0.2695794894505077,0.28277886307401684,0.27288423430604497,0.26105977719588075,0.26415669364980293,0.26310634419645934,0.2544304348009666,0.2548225610109143,0.2476850182737402,0.2643610233114101,0.2509967570778791,0.22212649689665287
916,0.0,0.0,3.0,0.5,0.1,0.25,0.23143429830278736,0.24806490717163943,0.25648947164339814,0.263281156825789,0.28402267430236167,0.2581552791269393,0.2452721954204748,0.24592953431505307,0.2762220571216955,0.27637824677005585,0.2631395220534705,0.26888563009065913,0.2344170328789365,0.2565628630481942,0.26205470020654265,0.27559409489229747,0.25174019366033473,0.25104419446945275,0.28367185981929544,0.2711465822409826,0.28431147268252616
917,0.0,1.0,3.0,0.5,0.1,0.25,0.23147798493334312,0.24989659205704412,0.256575636285418,0.24508618676600655,0.25998311672788454,0.25614124371355185,0.27135571897388144,0.2439563586616183,0.2582513337303003,0.25671216442916195,0.2728857869683088,0.24336017383758982,0.2630598291707259,0.24861930577373187,0.24026471804439178,0.25192254483761434,0.2512248645428618,0.275669752668078,0.25333344953576314,0.2733564391668905,0.23949174215266522
918,0.0,0.0,3.0,0.5,0.1,0.5,0.24270112136131206,0.27664051398333067,0.2548483802937703,0.2520788594548929,0.2808802915591271,0.23099119150433298,0.255524580434196,0.25731502599522127,0.24558864288641208,0.25803938941433496,0.24356165446908618,0.2803425277081606,0.2372875981047469,0.2818285626069342,0.2686864437060746,0.24496786170291138,0.25578437628597805,0.25931271473792367,0.24985130269265032,0.2534413038001204,0.24121398708474562
919,0.0,1.0,3.0,0.5,0.1,0.5,0.24282513507182366,0.2829225583066957,0.27944350308042437,0.2833675292469104,0.25996042525192414,0.27459398530684664,0.25662999561545974,0.25052504112902424,0.25771230863338723,0.2595665974827622,0.26677497309354503,0.28352149921757963,0.25534963430734914,0.26299627530088515,0.26965373954447874,0.23776959833330644,0.28353340491342616,0.24874597378023178,0.2513198808894974,0.24713369391580217,0.2298811917350933
920,0.0,0.0,3.0,0.5,0.1,0.75,0.2095432757315127,0.2629430999749886,0.27043754127288505,0.2523884944465976,0.28025538464567346,0.26223871416746924,0.23325789498140517,0.26707830318785303,0.26505953718569497,0.24923296619668364,0.23350664363132992,0.2390985913544152,0.27955912788230286,0.28143391648630184,0.25019999472554955,0.25401026507221297,0.2651797473915206,0.2568001878938464,0.26197771462093067,0.2498872131463142,0.2635073035075979
921,0.0,1.0,3.0,0.5,0.1,0.75,0.2095354300726023,0.26758212787552793,0.24903445504230354,0.2631229535996957,0.25187025749606434,0.25549548315149584,0.2683720473016408,0.2724855170354672,0.24967571703011576,0.23555469851015587,0.2573216463893677,0.266692945499698,0.23914583389807811,0.27766766114555114,0.25223656592978105,0.2609596452728613,0.26106947998527974,0.28378772742852515,0.24283391238347532,0.24827260812383128,0.257548451808674
922,0.0,0.0,3.0,0.5,0.1,1.0,0.21415122029505204,0.29050048499724634,0.2579258671206294,0.24865438607771667,0.24258639919989064,0.2688887825036446,0.2416663858424079,0.2588230278134366,0.23560491024483482,0.24405508532212725,0.24460916706084163,0.25319637486957336,0.24716474523810775,0.2750437614939284,0.257344682092879,0.2698842152730871,0.2654538810916038,0.24585960646165458,0.26445657709807374,0.23620231166711128,0.23864326698057775
923,0.0,1.0,3.0,0.5,0.1,1.0,0.21414474190179045,0.2407137005168105,0.26277006882227105,0.25525733034013376,0.2589412824120828,0.2660429596032017,0.2706669182764019,0.2515586301026389,0.27370639521175144,0.26965692772151695,0.2504475406601271,0.26017293591786406,0.26562338946957614,0.24838724081195088,0.28307507574335716,0.2508184596843792,0.2640335010086217,0.2705361773092419,0.2609413155295767,0.25089884810098173,0.24024404470303376
924,0.0,0.0,3.0,0.5,1.0,0.01,0.23802596067321438,0.26388724888060305,0.24563660258902145,0.27726012990604904,0.2498969307021731,0.25260183316756857,0.25889406590282604,0.24929112603249137,0.23347177049848597,0.2501871723771859,0.26441319653858775,0.261191495524326,0.26281175817419705,0.24964865572743902,0.25453562299404764,0.26910722975498685,0.2601380498712861,0.261976817749338,0.26508239321295013,0.26220755849687266,0.23403595279432302
925,0.0,1.0,3.0,0.5,1.0,0.01,0.2380752232275281,0.23497439699404205,0.22344774811688095,0.2701024509460381,0.23795394304891335,0.25448193330465435,0.25868114227990097,0.2710604307690231,0.27779052333110965,0.28551082762178104,0.24696832714692746,0.2546744577605988,0.26182479681875304,0.2684376026014942,0.24155775478007818,0.23076781873257937,0.25680641434072615,0.24230665425225653,0.2818113935388372,0.27380565684763775,0.26306122988456704
926,0.0,0.0,3.0,0.5,1.0,0.1,0.2335712157888702,0.2563812620565662,0.2721569155247413,0.2433200583585407,0.255287133011414,0.2932631777190716,0.2684525604987551,0.23700341650534992,0.24911024590689426,0.24374149632854814,0.28458945253151907,0.2542840999919194,0.2672416523588676,0.26355684594595025,0.25826930219204625,0.2768785424519788,0.2598460228215039,0.26595866288323367,0.23286423974974454,0.2916528299011542,0.2538223661640015
927,0.0,1.0,3.0,0.5,1.0,0.1,0.2335397054565893,0.23426339522806355,0.24729701552255864,0.23547631149612971,0.256015906895755,0.26417111828333206,0.2539738723264166,0.2963823222699026,0.2756551854754116,0.2918552451133138,0.2609299698439385,0.24593375493084033,0.24953986067698442,0.25934019079133347,0.27531226578162293,0.2924427553574161,0.24927648325659557,0.25642487455744745,0.2621340213983051,0.24041477225884755,0.25936765170588216
928,0.0,0.0,3.0,0.5,1.0,0.25,0.22334602482258237,0.2343523967982363,0.24711569432824268,0.25261011526844585,0.2565390708818224,0.2709101301890308,0.2904206418481643,0.2673119981188123,0.2624842537355981,0.2437437908938362,0.2741943035071741,0.27381507187520776,0.25613797960806844,0.26555622290109643,0.2718020268537728,0.2602696029167362,0.23943830791438878,0.25743476040297253,0.2714385496863378,0.24797371183560254,0.26871563162801604
929,0.0,1.0,3.0,0.5,1.0,0.25,0.2233607667327428,0.2684691991759692,0.26594119893317264,0.279418450253232,0.2646684778058159,0.25255764516725876,0.26779104293290773,0.2642723850627538,0.2634378663533131,0.2506972107165978,0.26777380300076226,0.2546132626668926,0.29505880029571213,0.28509414285863494,0.25828280089063294,0.24823334156165583,0.2511530816259152,0.2340945552676535,0.25302101038583197,0.26020512859065864,0.2616498187895255
930,0.0,0.0,3.0,0.5,1.0,0.5,0.24573239724804474,0.23589130843004258,0.26989531428229413,0.2533840954917349,0.26270151841485345,0.2685441185032954,0.2786322343534288,0.2627244400726063,0.25686380907247475,0.23679379252848434,0.267347696010591,0.2489014460948632,0.25571038441208027,0.25472501551772847,0.2920978733431118,0.26168712104181807,0.2734450850444131,0.2460633177581575,0.2457122886350943,0.25527037061570546,0.2602264046365651
931,0.0,1.0,3.0,0.5,1.0,0.5,0.24573751797637206,0.23970738443458728,0.269568620705703,0.2616001164024632,0.2659728420220167,0.2592276844085417,0.26440871889475476,0.2662276335963082,0.26801073598416286,0.27042705399082334,0.26582785642948703,0.2271262091237681,0.2606199910802456,0.2563394793620695,0.2659403266436577,0.25038087670975884,0.2568176909150033,0.2529955436385037,0.25389657380123126,0.24135221267756288,0.2878161234711863
932,0.0,0.0,3.0,0.5,1.0,0.75,0.24017496865245494,0.26169073770549595,0.2658129775889408,0.2493164891786214,0.2930875160340662,0.2566572627190789,0.23904305965577569,0.2693722974957105,0.25800964516925223,0.2334765775713612,0.2629874760665269,0.2737501513143132,0.27229478794892265,0.25690068409240757,0.2713899746790239,0.2577854812297186,0.25352927627743466,0.2550753837757302,0.24006400731427374,0.2587253857016568,0.2726750706333365
933,0.0,1.0,3.0,0.5,1.0,0.75,0.2402231631119589,0.2616701464106104,0.25253370105380984,0.27151999506039187,0.25483459157630944,0.25232002010540666,0.26207663242792323,0.272665191505626,0.24835419961628122,0.2558780416520026,0.2576054427686962,0.2549479848588104,0.2801156916551216,0.25602661897383927,0.2619793153924752,0.23337819183675673,0.26185688860251494,0.23978621638906455,0.2692311817872387,0.27053823205453537,0.25093107496901645
934,0.0,0.0,3.0,0.5,1.0,1.0,0.2330993089170042,0.26685747195082826,0.24679686923440378,0.258778922779305,0.25372900405120846,0.2507846323752924,0.24059014508829213,0.25093776654709304,0.24787771237097622,0.2660475071410536,0.2472114847899406,0.25344865762087554,0.2602310505893408,0.25492445167343997,0.259214672154944,0.23294052172870683,0.2643654197869484,0.2389360254616463,0.23570954700347319,0.26598696501021546,0.2619509263648878
935,0.0,1.0,3.0,0.5,1.0,1.0,0.233149641674958,0.25020379413043803,0.24162490360429928,0.2590334838568378,0.23419478259883603,0.2898558205596356,0.23915983384781553,0.23803360906796533,0.2704860503616596,0.2736106286643522,0.2644852028611642,0.2843940102037345,0.25171899397690006,0.26130147556385813,0.25253391063063463,0.2569134114716286,0.2449792330733264,0.2440206086551405,0.2727255168782142,0.2567150414505551,0.24794505380495138
936,0.0,0.0,3.0,0.5,5.0,0.01,0.24770373367509718,0.2935685322533679,0.3163377791464783,0.31933089300604245,0.2841721255282698,0.2879776017722834,0.295671061799869,0.3165190190437146,0.2751466731891389,0.2948340531739486,0.30115576125577626,0.29642675697751464,0.31997658724407524,0.29437535387696323,0.2680209130647186,0.2926920673296966,0.3051906450376552,0.2812250871907312,0.3215692268387786,0.28053492369491767,0.28063202792812214
937,0.0,1.0,3.0,0.5,5.0,0.01,0.2477604127222763,0.30245744487942294,0.30088045759873583,0.2861238134481995,0.29811128231192563,0.28258935714496175,0.2912161703686554,0.29883550932858316,0.29491057772683027,0.2987184536139406,0.27724429523642247,0.2905938727717388,0.28258569043177073,0.2887133259902398,0.2717545246472432,0.313144300601167,0.3263276848353323,0.2816113728779812,0.24703955011029838,0.270319375024238,0.30625054142574726
938,0.0,0.0,3.0,0.5,5.0,0.1,0.27494438686742506,0.2967988095883203,0.29162024113955404,0.2759238352117047,0.2662661048440793,0.27338592654216687,0.2960612143823243,0.2681398073035129,0.26801368377591817,0.26366548095389336,0.27851501719214367,0.2701774947056496,0.2681626425916716,0.2826106709045659,0.2889523394902664,0.31287687956164995,0.28079362411871583,0.28511908922591944,0.2570645568736184,0.3007949836150174,0.2646103560891204
939,0.0,1.0,3.0,0.5,5.0,0.1,0.27497474045876086,0.2918801405256337,0.27321521977699287,0.27991461940817136,0.271572876969043,0.2849204697021567,0.30136033157321174,0.30003566893325007,0.29422384647722455,0.29822141697022025,0.2930047625426028,0.2956011067233062,0.2823666208381306,0.30836654161120436,0.30726777530018146,0.2675770171916005,0.28998150266406236,0.26543921192198916,0.2770814559958112,0.289710943884949,0.27789229960343853
940,0.0,0.0,3.0,0.5,5.0,0.25,0.22993371234732696,0.2669768957070074,0.2937639446064922,0.2648767986990956,0.24605912498169122,0.2511132762217781,0.28735586199444285,0.27555351036976,0.2678497850713956,0.2567276347175354,0.28085273924186893,0.24296594780690348,0.25211745388487933,0.2939476291344889,0.2849909161194282,0.2677102396352954,0.25699799147345875,0.28856115011671885,0.27186797758475845,0.2611104932627457,0.28348768901555815
941,0.0,1.0,3.0,0.5,5.0,0.25,0.23001663866825256,0.2833155401189048,0.2622407029396607,0.26781835129137715,0.27018604783696126,0.2627444377130829,0.28295332726018707,0.260548564969458,0.23494260142855047,0.2648820184100845,0.2547424700329017,0.2782283885591518,0.29188555706582314,0.23181119628103924,0.26693556568179294,0.279896338355834,0.29134150069088993,0.2654179199137533,0.2577820748345514,0.277927367601684,0.2635971909169594
942,0.0,0.0,3.0,0.5,5.0,0.5,0.23214099182790837,0.25309884436926866,0.24050104324596158,0.2374175999390985,0.26420348390390475,0.24792139800621085,0.2633881346536813,0.26525271914963316,0.2727394871151668,0.24876276212099138,0.27731805904446166,0.2640060957815347,0.28737540261929806,0.302876305035813,0.2501789596747294,0.24738597856213118,0.25295111646846463,0.2616252845197425,0.2627515052105436,0.25479747869847685,0.2933192013696755
943,0.0,1.0,3.0,0.5,5.0,0.5,0.23230209422452158,0.25240363272467103,0.25362958830873705,0.2670683428351621,0.2602417287859311,0.2572026466773961,0.27466232016402586,0.2792035375925156,0.2614527119683531,0.26825372107256085,0.24814123118295484,0.2669108018177949,0.2596142578537019,0.25871736463550654,0.2687723431010582,0.2669965699858215,0.251628160597577,0.2576340324272169,0.2720513630977006,0.2601109844956264,0.266515841193955
944,0.0,0.0,3.0,0.5,5.0,0.75,0.22697070342988482,0.2711577173932448,0.2772485966224257,0.271402868794385,0.2611438559208034,0.26065250728036815,0.23904446496089618,0.27385100901139064,0.24291413631979722,0.26482433340135564,0.25879690349360907,0.23929339041796752,0.271450122579802,0.2676935560756625,0.24180775034289273,0.2673909951188033,0.2617990289865171,0.2634029018927199,0.2688932033079376,0.26515168886217305,0.25516271884130265
945,0.0,1.0,3.0,0.5,5.0,0.75,0.2269468507671747,0.23158838568867396,0.2454510304181118,0.24207993924170082,0.26587117817250455,0.25102754853874976,0.2474500195774315,0.277198098195808,0.23108449226077682,0.24628609895853698,0.25761533319013424,0.2737880709121256,0.2624704373700928,0.2479514540211926,0.24746282607030007,0.27577108330113476,0.3070372188876169,0.23267563994287987,0.2610246784106197,0.2673261043299988,0.2646075142154275
946,0.0,0.0,3.0,0.5,5.0,1.0,0.2300595700491568,0.2602515727636769,0.2579685552218067,0.2621418735496944,0.24449007757186406,0.23742933390996662,0.2597819257159069,0.25142492296633984,0.2331033365890521,0.24543559722703312,0.2514153821935329,0.2420058415682155,0.2501694551534617,0.2492861549675361,0.27225782734791726,0.2749687867448919,0.2645490404167161,0.2656944763446711,0.2633092476963804,0.2699691302593435,0.25566016477370496
947,0.0,1.0,3.0,0.5,5.0,1.0,0.23008364059927258,0.2687364506610224,0.24530415805923167,0.268822155592926,0.2477480626285127,0.27523826075865104,0.2239895731841655,0.2467239849295036,0.23418558197740819,0.2590065141665965,0.25994312059869,0.2667686609121646,0.2559581543995008,0.26648248780999384,0.26042762490904475,0.2706386807061093,0.23780837587031636,0.24598489898861434,0.27483699338368944,0.26274355385025017,0.24654825556566212
948,0.0,0.0,3.0,0.5,10.0,0.01,0.3631211679183373,0.3965116470444118,0.39537115008411794,0.36651352455839953,0.4152877640916002,0.3720951423874377,0.40211730708567855,0.389731018609911,0.377939277947282,0.42616458318423567,0.42365604916712374,0.39327327833864095,0.40878149816012893,0.42930379801520885,0.4083544028092955,0.3847155778255479,0.39477913624627353,0.40862147428361534,0.39841282633997854,0.3751278526326975,0.4149256722512146
949,0.0,1.0,3.0,0.5,10.0,0.01,0.3632884265978492,0.40693029289273874,0.38877786040979206,0.43525496421017595,0.40104601177468585,0.3872047619842783,0.45230055306903016,0.3779961765405946,0.41146217849229816,0.3993970601178681,0.4152125455272405,0.40737909026234764,0.3634222110823482,0.36810419422571533,0.39870232630118685,0.3978171055715813,0.39792326835703346,0.42220041467040476,0.406192927935406,0.3883397866371009,0.39843729600454075
950,0.0,0.0,3.0,0.5,10.0,0.1,0.2944970955893148,0.34949497788221523,0.3310705322689355,0.3388531086298882,0.32933733764254663,0.3405163658503917,0.3406859242292666,0.35502608668710783,0.34783199221152206,0.3566267989530606,0.3275448970481352,0.3075861160778345,0.3555100656954826,0.35747195613174315,0.3703642221755973,0.33577847953776757,0.34760117291611775,0.3312216528032457,0.34835022448287284,0.33291584605105007,0.3414520644208704
951,0.0,1.0,3.0,0.5,10.0,0.1,0.29455581564484334,0.34207763012757675,0.30317256618613403,0.3449805306507519,0.33176730919905906,0.3383073712328789,0.3391296868655113,0.3622937332435481,0.3673580608607413,0.334302973608161,0.37059902210370227,0.3304581150980666,0.36637179715703627,0.3244983168957554,0.3295047571253239,0.3160834244901532,0.3434038467843012,0.34633763915399685,0.3331761839130936,0.32540158030641453,0.35275652537825064
952,0.0,0.0,3.0,0.5,10.0,0.25,0.2684549456302705,0.3066863783174987,0.31015169937892506,0.2873915960167259,0.3016177977073831,0.3137288763563467,0.2977817290468457,0.3250035085482833,0.31519338656719303,0.2782157020332491,0.284497845376867,0.25625198549575007,0.2677930701862141,0.3112208529374106,0.29636430620968596,0.29562725321996647,0.297939427365525,0.3034412435558732,0.2785399941876757,0.3130988864991104,0.3164721619048748
953,0.0,1.0,3.0,0.5,10.0,0.25,0.2684785427416672,0.29407574523657976,0.2933890123516676,0.28785151686252514,0.2980294749783997,0.29832604614676705,0.30629554860173597,0.29389101475339013,0.30413074492559455,0.2863320579270266,0.28916259717213233,0.2950479474974575,0.34049557542170666,0.28724299870466674,0.30346637047440056,0.3012172003694024,0.30123640703754245,0.2984434232335178,0.31244289075554216,0.2593685387306852,0.3017762740224055
954,0.0,0.0,3.0,0.5,10.0,0.5,0.26655427334708603,0.2851158104588643,0.2980425089333586,0.2701872287854727,0.25366940151238676,0.25159825631339955,0.2477334847209825,0.27236745585548394,0.2746052454314747,0.2727357258505767,0.25418038465450343,0.2538292705955263,0.28736972261924987,0.2653364445091466,0.2622375347653059,0.272201480176119,0.26556729931310236,0.26223731515427806,0.2488370588482515,0.24706144572822142,0.2790515877416109
955,0.0,1.0,3.0,0.5,10.0,0.5,0.26656467732665423,0.26138093251360817,0.2672771061587783,0.26221396497161736,0.27469225889224613,0.2630260951428449,0.2669192560045084,0.26428852875098363,0.24488634969652068,0.25484562465046895,0.27440696123138253,0.2721948905675187,0.2879613363623209,0.2703073931125687,0.2761940453474402,0.2839725566024737,0.270989071647784,0.24130569247351583,0.2750617388102915,0.2724524742780092,0.2518609333425072
956,0.0,0.0,3.0,0.5,10.0,0.75,0.2170771530362485,0.25984251864200913,0.2578769060867758,0.26197030083977396,0.2490519946129893,0.28623401108580193,0.2635819037363139,0.2528327617046199,0.2702851751787605,0.24254044831044907,0.24504789810604116,0.2880517855835129,0.26490573513923343,0.26917131513950865,0.23789336755036694,0.2505612282799041,0.26621263957098373,0.26410319919690173,0.2325756565689502,0.28151955966306696,0.2886893551116769
957,0.0,1.0,3.0,0.5,10.0,0.75,0.21710034457131228,0.2685504107831863,0.2652128976767249,0.2543268492931873,0.2757972294047113,0.2454065750558867,0.24765687638804984,0.2662399472932003,0.2891028126695304,0.24295977947436503,0.25428915086758436,0.26526362789543084,0.22719324961501983,0.2566282677729054,0.27799179024674714,0.2450508548511958,0.2661807414716037,0.25076860374726145,0.2596832033827828,0.2640592479020016,0.2512888682663427
958,0.0,0.0,3.0,0.5,10.0,1.0,0.22774759999305783,0.2545906266570702,0.2889069589294989,0.2757007861766423,0.2355524965852992,0.26178253768922366,0.24824526700582839,0.24033279505741392,0.2370121753308198,0.2356437092455406,0.26249138740587225,0.24954677285055768,0.2564701310643396,0.25267054487827323,0.27444509778894166,0.2611767816072444,0.2610983788926934,0.2580430750734511,0.25835834067341457,0.2498238983005619,0.2551354287521872
959,0.0,1.0,3.0,0.5,10.0,1.0,0.22778808093499336,0.2703200813975051,0.2573624139848038,0.26300283613620307,0.2693680726556096,0.24764447957414432,0.266545409569202,0.2539061056174876,0.27343536402809077,0.25689382342562633,0.2503810439971111,0.2907959465546025,0.2764849315116831,0.24146510993034156,0.2477113499976819,0.26722396054956016,0.22462393915336515,0.2477119957956953,0.2536133322752273,0.22510307824597875,0.25083743108990275
960,0.0,0.0,3.0,0.75,0.1,0.01,0.5007173714154627,0.5718570880724437,0.5998950268037967,0.5844491713758881,0.6241417480543031,0.5477708940151601,0.6212815465152717,0.6077727205861653,0.6120027724091676,0.6615375481977953,0.5328122505377193,0.569807446564444,0.5443288253055101,0.6344631381384789,0.6136787329398657,0.5545391225376863,0.5784751664337219,0.5281838546419525,0.5958377096352752,0.6143016926439461,0.5651697426042697
961,0.0,1.0,3.0,0.75,0.1,0.01,0.5006616717014604,0.5521828789706041,0.5745573917600514,0.549466016393872,0.6380217683567185,0.5915974881617394,0.60391337379258,0.5837914418094451,0.5888272852392622,0.5979494057193101,0.597081958152454,0.6406491235611755,0.6244245258480312,0.6108318372270338,0.546266924687907,0.5758814256621598,0.5753563371968275,0.5846856175547448,0.5504720797304128,0.5812889456170731,0.5982954936324787
962,0.0,0.0,3.0,0.75,0.1,0.1,0.509814087385909,0.5182848810075816,0.5733175673075878,0.6083432739312205,0.5738971969537902,0.6095907552636617,0.5355776197904965,0.6129640998066629,0.6083613006665962,0.6411840589657096,0.5673584701559418,0.567177002719247,0.5735558771646906,0.6008457290714336,0.5541214534749757,0.5431337105742294,0.6077671824969401,0.6255254609709227,0.5792737541801478,0.50629430983631,0.5495592842904022
963,0.0,1.0,3.0,0.75,0.1,0.1,0.5101398121502753,0.620860412027279,0.5670419228717961,0.5690255297079245,0.5741915031021861,0.5879545996196973,0.6051134755868256,0.5729155434407359,0.5901538575709947,0.6165301893035233,0.5732881542044739,0.5662857483402575,0.6262302428941166,0.5965709472458705,0.5552926575146033,0.6038236513050986,0.5606160582197366,0.6156882498172783,0.5421541821859706,0.556411966498258,0.6130872917219904
964,0.0,0.0,3.0,0.75,0.1,0.25,0.6008576474030662,0.5875695589847019,0.5555377157635679,0.5971240812276825,0.5843638967169571,0.6135886845335196,0.5565731004493306,0.5281180069356788,0.5953598693545359,0.5890230957045883,0.5770227428899242,0.6069307641395637,0.5667072919077971,0.6007991036242087,0.597030634228016,0.5794644187026216,0.5813193321968132,0.5708509045666719,0.6083998231087119,0.5854029518120986,0.5044145395728682
965,0.0,1.0,3.0,0.75,0.1,0.25,0.6010246475931568,0.5567584985884784,0.5842863075862454,0.5773756965990525,0.6350200047266812,0.5872820671568596,0.5641312035413002,0.612019388881996,0.5817314488969899,0.5532598214144818,0.533794186178332,0.507202789899734,0.5718860951495264,0.6050961599195147,0.5552201960874381,0.6029070134846397,0.5980353336617964,0.5788249695453586,0.5451308808314899,0.5267530800866581,0.5574135705313528
966,0.0,0.0,3.0,0.75,0.1,0.5,0.4886095152618359,0.6267627048463507,0.5464508882267435,0.5878015871739706,0.5714264736503047,0.5411679719627268,0.5519245815127941,0.5774886699538494,0.5577811775567254,0.5520328506607162,0.6067830079368072,0.5289894919637219,0.6350262531703271,0.5659134993879282,0.565561233438154,0.5384425756874309,0.639741726368157,0.5909600967657631,0.5495794160502003,0.5968361518502062,0.5805932410215537
967,0.0,1.0,3.0,0.75,0.1,0.5,0.4887275472354069,0.5712651051737208,0.6092340075382433,0.5110965779506264,0.5402721411858856,0.5715730289105747,0.5704170001887098,0.6205076369250566,0.5773593005296705,0.5558973400642273,0.55979108091864,0.5567264697484009,0.5660579726525173,0.6028495408441881,0.5489577734724267,0.5589445637354417,0.5602156467761139,0.5874824437598697,0.578912268810163,0.6014271966820919,0.5801650605685094
968,0.0,0.0,3.0,0.75,0.1,0.75,0.46928984815950625,0.5807330655257912,0.5737032071475876,0.5852749288184732,0.5674585642732427,0.5386985473862207,0.5628970071324798,0.5886313911678829,0.6198762983367183,0.5754193198758037,0.5632408783307201,0.5909943482732484,0.5634537446248798,0.6392658364844834,0.6077968544582131,0.49458960742075997,0.5692680534786916,0.5420721410767816,0.5795911850929422,0.5967079850513058,0.5462248413922812
969,0.0,1.0,3.0,0.75,0.1,0.75,0.46941519645315977,0.5944156590621832,0.5342106774955819,0.6021113881857127,0.5638119299624886,0.575135305138929,0.5284978292732345,0.5575967304548922,0.5967758897938357,0.5928032851323712,0.6007520934388861,0.5995991687081084,0.5657797359583577,0.5929520333458471,0.582895604104959,0.5814956819217069,0.5639168325281203,0.5896761892362161,0.5449638910399471,0.5942073323144765,0.49747807439047126
970,0.0,0.0,3.0,0.75,0.1,1.0,0.5154669215245851,0.57352467647909,0.5295725937942234,0.6035813635351349,0.5098866569001987,0.6144048915652607,0.6132211476780238,0.5549469840173733,0.5297433058221502,0.5568186431297883,0.5892345183127804,0.5431393082214391,0.6057702020482161,0.5536192197283913,0.6028379884311583,0.6048366364761566,0.5624510741267364,0.5860997719103509,0.5901315095959577,0.5611525626193963,0.5423728622765098
971,0.0,1.0,3.0,0.75,0.1,1.0,0.5154960094157502,0.6816110965868997,0.577466150086349,0.5607994531425401,0.552415869631345,0.5802926789403263,0.566385817680057,0.5807337537245448,0.6267428707893209,0.5369632752608573,0.5643347867963908,0.5401411142220053,0.507581612292114,0.6244593581485621,0.505868977537836,0.5400296664436488,0.6035048685382128,0.581058215415277,0.5894631214998588,0.6320694277630815,0.6095980464071781
972,0.0,0.0,3.0,0.75,1.0,0.01,0.5119652910159243,0.5479392767996892,0.5457734959957662,0.5180621792161222,0.566343776345982,0.5958816577340613,0.5912802076246076,0.5503465802513988,0.6466751816358962,0.5405893108327912,0.5400372291009523,0.5566234410554347,0.5965359449527394,0.5745048227910202,0.5629925217464302,0.5359202057004863,0.5595569349045061,0.5210222081551332,0.5806619421256475,0.5966509932774416,0.5883236056259146
973,0.0,1.0,3.0,0.75,1.0,0.01,0.5119729271497253,0.5542464869818741,0.6002479542490948,0.5984882469798708,0.5716204362599455,0.6050233979917147,0.6235026399513938,0.5888788904350543,0.592706760872094,0.5869061207798891,0.58122567302818,0.5989167300607613,0.6231853499314662,0.55819189405794,0.5947284805682408,0.5965654843844208,0.6062250737302358,0.5789121611675092,0.5894678566172165,0.5207906910421672,0.5466242759974675
974,0.0,0.0,3.0,0.75,1.0,0.1,0.5171633977812731,0.6311940993842954,0.5599591210422753,0.5862535813067625,0.6201917269121852,0.5265817896875673,0.5851400684669454,0.5831040463710749,0.568607976274765,0.6273496937740646,0.5591382044223444,0.6420937444416602,0.5957429402769103,0.5630475979280948,0.5617124231832059,0.5781179848150526,0.5603325637472738,0.5611801341104676,0.5385715093631458,0.5518512927330708,0.6024548192525876
975,0.0,1.0,3.0,0.75,1.0,0.1,0.5171279829624899,0.5985038305356167,0.6064693326204565,0.5626023408375366,0.5486919549912651,0.5119586352753713,0.5793662191313638,0.5204788084294334,0.5811321668809304,0.5857650153549451,0.6507447485636171,0.5804855655040375,0.6438045810341074,0.5858287268288889,0.5611007917733517,0.5322468518408127,0.6078296156605169,0.6065358423814875,0.6507503282284902,0.6003566384521919,0.5503732222838637
976,0.0,0.0,3.0,0.75,1.0,0.25,0.5298908743246414,0.5478046560855577,0.5964826524138364,0.6581258493945297,0.6235638980678013,0.49601217449690077,0.5776486940511592,0.57140004491174,0.537919668008034,0.5892437913835789,0.5336250930938935,0.5735715208400963,0.6373983240344989,0.5184825622595154,0.5692031000871477,0.5984872032502995,0.5325235997329626,0.6119618055967502,0.5936435315184531,0.5503813543149648,0.5959811595325422
977,0.0,1.0,3.0,0.75,1.0,0.25,0.5301004626302687,0.5567335130713557,0.5899025437558778,0.6133473394901745,0.6370762611082257,0.574494734913885,0.6242047519480367,0.5573897506926512,0.5625175058827133,0.5826717749683841,0.5477262465035907,0.6210351303129622,0.5570783330649931,0.5254904715643909,0.5971630895244704,0.5979572526971878,0.6023450186905213,0.5547490857810291,0.5226099015015108,0.5655141063193849,0.5355552855726974
978,0.0,0.0,3.0,0.75,1.0,0.5,0.4934545033566739,0.6517606193297495,0.5930602065797893,0.5959684310916348,0.5671983758003311,0.5437987611691527,0.5801226234572096,0.5296652448964122,0.5825717376121385,0.5613734177684319,0.5466590885402076,0.6033046996208355,0.6303056585117968,0.6234021816248861,0.6002887646879282,0.5599913483383211,0.6138824214127943,0.5754323976007704,0.5174014493561042,0.5576541585660674,0.601884660971087
979,0.0,1.0,3.0,0.75,1.0,0.5,0.4935863377347493,0.5668296244410252,0.610976873101785,0.5428024721200231,0.5812292962445005,0.5831659150862575,0.6140426616736345,0.603261171063748,0.5751166106144536,0.5735352877733328,0.5772582011516586,0.5819973498001948,0.5609502668630284,0.5949756946946394,0.5718892029467039,0.5118040019176057,0.5612781763827163,0.5407116601797874,0.5610725526379121,0.5853979436614484,0.5805976297049511
980,0.0,0.0,3.0,0.75,1.0,0.75,0.4908636400165878,0.5760468069149801,0.5718923325686783,0.5569511310905358,0.5721897352297088,0.566712691855186,0.5568424862468608,0.6172311485420685,0.6111683670669769,0.5667806931158174,0.6116166198809267,0.5588332013311479,0.5456303453260076,0.5618872334509277,0.5837829542242392,0.5704045522473018,0.5986978200279774,0.543656794008297,0.6214913873395332,0.5962767843415294,0.5779545734586332
981,0.0,1.0,3.0,0.75,1.0,0.75,0.4912672234237807,0.5262349579102931,0.5688489503984641,0.5637329112033476,0.5672326447936575,0.547482931427951,0.622878897458581,0.5205360595698899,0.6030306991760138,0.5274103711996115,0.555301146161183,0.5451478655841524,0.5365286186468852,0.5554366186860531,0.5115073732851342,0.576473692856328,0.6018507058332268,0.5441409375396642,0.6211834410684489,0.5335989080957938,0.5744258606032401
982,0.0,0.0,3.0,0.75,1.0,1.0,0.481193926587462,0.5468975582455445,0.562966969432542,0.6040816937494982,0.5864461369412801,0.5440524957356127,0.5880944692683462,0.5302802935355464,0.5431354083550801,0.5600325666461382,0.5874977705178837,0.5727455961443512,0.5746732044567492,0.58932112879662,0.5459724911022977,0.5938657006245421,0.5804746542271799,0.5251240908044341,0.4993162825522802,0.5259365640078453,0.541546219076748
983,0.0,1.0,3.0,0.75,1.0,1.0,0.4812048450291847,0.5788800379656835,0.5608942915521655,0.5228098959840713,0.5726140435037185,0.5784509047233289,0.5763304181326668,0.5611543415706437,0.5415682976470567,0.5736936351959737,0.5662389653300774,0.5138194811377624,0.6029047313799093,0.5818292001797473,0.6211140211826042,0.5451300878839053,0.5940824319967447,0.5471142766868419,0.5636047578512171,0.6029839207773797,0.5734222105137414
984,0.0,0.0,3.0,0.75,5.0,0.01,0.5562413736510318,0.610980524419002,0.6427306089154202,0.6419407493561835,0.6565439713940309,0.5648319258790853,0.6135609643796471,0.6052024907845415,0.6807253079242379,0.7045543137441006,0.6235428480779448,0.6776313597230145,0.5537757741637721,0.6392185887700526,0.5786920622531357,0.5998356395465835,0.6606191484748007,0.6369462912575086,0.6293147783287497,0.6567422536923723,0.6226665026125228
985,0.0,1.0,3.0,0.75,5.0,0.01,0.556397081005253,0.577743549155851,0.6195171794921335,0.6329794967756212,0.6180283117092674,0.6110795282505049,0.5773241887824995,0.6179162719331722,0.620724834276191,0.5744515869570318,0.5857862876327856,0.6536829338939971,0.5812733910174999,0.6134920230389507,0.5557480164280473,0.5902819757344515,0.5570082730071885,0.6168868293008463,0.615187210071765,0.5860965278227764,0.5728893061068404
986,0.0,0.0,3.0,0.75,5.0,0.1,0.5952229802204145,0.6279100756642896,0.5948263794377957,0.5368654693364204,0.61103581482975,0.5704063405765857,0.583684641205968,0.6869536974022427,0.5733080588308236,0.6048023513375415,0.6728432940971301,0.6223381267176452,0.6058243668741323,0.5849270082080813,0.6031973173572646,0.5853003783385193,0.5684531349736759,0.5778113771946606,0.5944310358230142,0.5820253798664339,0.6577396122450501
987,0.0,1.0,3.0,0.75,5.0,0.1,0.5950993126279275,0.638694139233012,0.6405615660026275,0.5623978820329772,0.6219438095398889,0.6032495675309992,0.6037497905427295,0.5609524686920329,0.5619784536276246,0.6168811945878445,0.6290125985894643,0.5706370989935153,0.5763320336711151,0.6287831127797808,0.5813832916754939,0.6525077163979437,0.5953365264545187,0.6359296980110248,0.6401524862018395,0.6518505586128628,0.5751790548629154
988,0.0,0.0,3.0,0.75,5.0,0.25,0.49101584642864593,0.5902153019111702,0.5871521722091502,0.6230871741088088,0.544583817939835,0.5871730390495986,0.6154983775829084,0.5935489345072258,0.5857117104649088,0.6770060231733688,0.5878592049856447,0.5838447591642482,0.6141028187392958,0.6042455259910814,0.6138108568432498,0.5936091646489293,0.5771842896828123,0.5441343501345687,0.6164316947255472,0.5393749738491183,0.571306206823393
989,0.0,1.0,3.0,0.75,5.0,0.25,0.491136123674991,0.5754796791293795,0.5991189406334537,0.527812361138483,0.6434953151771582,0.6402972310368584,0.5540905415947285,0.6626976937265535,0.6444236947589881,0.5994918225641234,0.5607311417946562,0.6105663566421746,0.5595191390612347,0.6254664484786306,0.5986726972403422,0.6114196764074266,0.5712640468138407,0.5770971602485464,0.5892452552125318,0.5807597786471557,0.6345467531959885
990,0.0,0.0,3.0,0.75,5.0,0.5,0.6124849147809942,0.6037480462073763,0.6300926539059448,0.5247031308707232,0.5764787155802774,0.585375783568781,0.6025958429641681,0.5373213457228603,0.5471134827378736,0.5654186103132628,0.6129589533506413,0.5356465571285034,0.6364599199280443,0.5911883934017184,0.5906541378764754,0.5767640699764132,0.5605146089510665,0.571631961954032,0.5329625449688317,0.5828536783855374,0.5973055031820491
991,0.0,1.0,3.0,0.75,5.0,0.5,0.6127044844415345,0.5475823928968415,0.5872236776372277,0.5714244209162213,0.569813060868491,0.6245039634180739,0.57297390162759,0.6147184259980988,0.5800732211055744,0.572217069869209,0.5867596288897612,0.5826311251127629,0.5988809411101184,0.4851511987595855,0.5862146572569418,0.6169234458062249,0.580125641117678,0.5865826676737727,0.6007273361152141,0.5937538370141853,0.5238334265783862
992,0.0,0.0,3.0,0.75,5.0,0.75,0.5382008783760514,0.592502331720797,0.5924655630193958,0.6014587941444878,0.629242207514229,0.5895779201437775,0.5585439165073769,0.5914738969780855,0.5978134671441405,0.6044287022565897,0.6036311417956012,0.5441179642257103,0.5970896933230044,0.570587862817134,0.5754179380729713,0.5772607741626661,0.5936326291440771,0.5681639421654687,0.6405866278210574,0.5617222396851357,0.5580167597424935
993,0.0,1.0,3.0,0.75,5.0,0.75,0.5383381404186667,0.5501235645165424,0.577013287696168,0.5558498883340842,0.6192411610998106,0.612906647745216,0.585122859537377,0.5940255902035344,0.5433054994918489,0.5503015736209679,0.544863352890488,0.5689256368790466,0.535787012510346,0.5591947838547989,0.5839896992464245,0.5980236600928023,0.5542318784449424,0.5843944694929223,0.5830236066551118,0.5694893827968482,0.659131002990317
994,0.0,0.0,3.0,0.75,5.0,1.0,0.513959577568102,0.5094538852722174,0.5646362590300339,0.6050108480827768,0.5530283674286971,0.5785002777730663,0.538219458569053,0.5877076088115467,0.5974414149793101,0.5871657262600308,0.5945874927521374,0.5476850386943581,0.5712777046200234,0.5857989702090488,0.5779027608532952,0.6090758404975056,0.6366776930039367,0.5454338781029362,0.6157244714669607,0.5708072984880839,0.5335621067609102
995,0.0,1.0,3.0,0.75,5.0,1.0,0.5141618208266389,0.5721430004377351,0.6446410939005485,0.5433306602582582,0.6147473358439735,0.6214264544843688,0.5923624931659899,0.5658123611025099,0.6462259615860315,0.5156715201028034,0.5990799121664042,0.53830433011035,0.6328027276097515,0.5251051924807327,0.5279108152323997,0.5688696880776971,0.5984338047804213,0.5824189214843635,0.5693661486201496,0.522428708008303,0.5455923883137224
996,0.0,0.0,3.0,0.75,10.0,0.01,0.6725154547757982,0.7026802100413239,0.6973184952920022,0.7707390847545452,0.7099124812675434,0.7394312616064616,0.7676347384326042,0.6951718969144488,0.7184349681355372,0.6574542494591713,0.7604838824172306,0.7555494274963416,0.7626681379251952,0.6665845656774441,0.7040731720576402,0.7301631473636293,0.7655235734879343,0.6983819243548685,0.7231151130384643,0.6309705876006215,0.722063514120858
997,0.0,1.0,3.0,0.75,10.0,0.01,0.6723871195612983,0.7529511469686836,0.6499718707821603,0.6697066667350775,0.6929204237618005,0.7093236018703932,0.6833053651553493,0.7007502143181809,0.6883807867795798,0.7413882636759738,0.8044741116346421,0.6977911166294196,0.7081766098825639,0.7385020111351916,0.7308887554552889,0.8075407816112291,0.7655013416756842,0.7019649178670446,0.6807313442222518,0.6642223105291388,0.6778946619326578
998,0.0,0.0,3.0,0.75,10.0,0.1,0.5537015616960018,0.700905667210271,0.7026020817649001,0.6639448614877123,0.6769481505996219,0.6960883534670022,0.6690752876040237,0.6463355084472893,0.6160056807936115,0.7402756922153317,0.6115989684015228,0.6501819343203388,0.6674370144350564,0.616767514853407,0.7190757567750298,0.6956966525802689,0.6150116815912483,0.6350027858326215,0.6508153444817077,0.6823133657452739,0.679302935561043
999,0.0,1.0,3.0,0.75,10.0,0.1,0.5538335817215077,0.6721699043214457,0.6942494374575339,0.6913367696628528,0.6729356563287474,0.6787311871995624,0.682054063354583,0.664295779464649,0.631348749009922,0.6074842130774232,0.6642414743951622,0.6687520856885565,0.6699008946115719,0.6482971055452872,0.636991881750145,0.6026843563199425,0.6800175655658813,0.696854342146401,0.6756581675251471,0.6153218368291715,0.635124118650568
1000,0.0,0.0,3.0,0.75,10.0,0.25,0.6018362194072233,0.6120734676420985,0.5898170626682182,0.622487797011926,0.6409295684824622,0.6224914123609073,0.6369393331669534,0.6326012143059917,0.60240933632467,0.667062210638894,0.5842347078494761,0.6793610738238691,0.6330427039970047,0.6193410865293916,0.625879926826259,0.6274099723636678,0.6128571257614813,0.5903706410486551,0.6428077595210901,0.6700831040116906,0.6370811059155292
1001,0.0,1.0,3.0,0.75,10.0,0.25,0.6021855769996352,0.6062747744764758,0.57260305244019,0.5515655272291213,0.6619285031898838,0.5795469716731836,0.573667387145635,0.6104544929207967,0.6297747405961228,0.6120998583286531,0.620161592005058,0.644485669448999,0.7056481893641591,0.6173009705203875,0.6283488976815197,0.6723616146787874,0.6068579111152349,0.6234560220655673,0.6206848745875725,0.5742188187328823,0.6874594353656983
1002,0.0,0.0,3.0,0.75,10.0,0.5,0.5720172619583087,0.5759936778725019,0.6174152866320924,0.6217107600820139,0.6002162203238091,0.5957111270147641,0.5882759962627395,0.5396337280908691,0.5589397956809258,0.5817388130809074,0.6032354020812368,0.567458429958191,0.6652151692993556,0.584358523976996,0.5772996215667152,0.574546095169458,0.5710085940415067,0.6024088584902032,0.5754127746458396,0.5938728383757583,0.6278914737213007
1003,0.0,1.0,3.0,0.75,10.0,0.5,0.5720282562913183,0.5775042428631432,0.6071153337667871,0.5553046507954086,0.6070548788721901,0.6098916317068691,0.6056286010841646,0.5351995653045714,0.6096592332611339,0.649463641635877,0.5973053222994836,0.6084371121028774,0.5931026669526688,0.6018114835796812,0.5821363365285737,0.5964232081015071,0.6111846822845569,0.5691385011056813,0.5885153389973229,0.6194435250340162,0.5812123706698281
1004,0.0,0.0,3.0,0.75,10.0,0.75,0.5171860802641639,0.5770379841903814,0.5688854290087147,0.5741517638394087,0.5385446257697726,0.5854601580701669,0.5264752716290726,0.5623268560897011,0.5918249204562288,0.5661111657248932,0.5496805728142652,0.5819730794184949,0.548961271845882,0.5483873319193757,0.618663889412372,0.5438287456657,0.662840159560146,0.6098970122637672,0.5666859902603474,0.616874871938628,0.6147686292164033
1005,0.0,1.0,3.0,0.75,10.0,0.75,0.5171441814755925,0.5748150807639663,0.5385786161231472,0.5748531779870817,0.5493957985692587,0.5835190541148418,0.5630562356604413,0.6022911456457336,0.6285742321290282,0.5762062230234724,0.5618505680680158,0.5771253926692689,0.5805313023298244,0.5921653358524933,0.595964874158409,0.5756410709116626,0.5222577195768742,0.6232910862846514,0.5728684962334403,0.6078330727692425,0.5578960662386481
1006,0.0,0.0,3.0,0.75,10.0,1.0,0.5069091809385997,0.6197120035149097,0.6332047857831605,0.5763369815135064,0.6244307926206906,0.5903205895016371,0.5692775549852153,0.7046357588172607,0.53705447544845,0.5549484628404671,0.563487968568973,0.5887837762300128,0.5911312063723654,0.538316457866042,0.555796187390597,0.5663725697818122,0.5981279356005084,0.6327961856632699,0.5768019048507492,0.5384198142301855,0.5781592462670143
1007,0.0,1.0,3.0,0.75,10.0,1.0,0.5070653238428505,0.6167857578936717,0.5870601379776331,0.6056889750448763,0.5571381373959441,0.5834600477381476,0.6071761399208595,0.5809876448491957,0.5600296693931732,0.5853609126717534,0.5467678229429531,0.6268287640084773,0.5946217259480496,0.5719890648465613,0.5826103291968227,0.5844396210906103,0.628773547247768,0.5705538640338206,0.5863470060269189,0.6430309078193985,0.5650661989487801
1008,0.0,0.0,3.0,1.0,0.1,0.01,0.9159563225515485,1.111126344365461,0.9517066965314691,0.982567595598648,1.0292323646377637,0.977176752908391,1.0327704673340574,1.056315348672678,0.9904271146956151,0.9851394084150008,1.050968136231012,0.9493469049589297,1.016631188792102,1.0639021251026235,1.0182047810352302,0.9451907122106457,1.1455755406677364,1.0483574612587718,1.1026257205560872,1.005353260104561,0.9509234541457736
1009,0.0,1.0,3.0,1.0,0.1,0.01,0.9163838529397079,1.0784360355117448,0.9493677435109483,0.9595310621202215,1.055012736859568,0.9401368236187906,1.0154044478849795,0.9903186725589861,1.0594653213145593,1.0506517458594842,1.1107641546712996,1.082081163913811,0.919924944090761,1.0310211818791963,1.0440842896279212,0.9772819990917045,0.9926525062086207,0.9780285829592144,1.0101014063526692,0.979658219182544,1.0316167343924274
1010,0.0,0.0,3.0,1.0,0.1,0.1,0.9265068403918992,0.9337220253317737,1.0810341431992694,1.0819259747242702,1.0308783347015757,1.0769576986705558,1.1469315697297904,0.988804020710666,0.9301433920227342,1.0001147261972176,0.9439932587392607,0.9716472090988185,1.1402661247088224,0.8928462985495055,1.0339982052177081,1.0286479929770986,0.9920388620119586,1.0693140791877176,0.9630809716784433,1.0421092120918405,1.111313472887835
1011,0.0,1.0,3.0,1.0,0.1,0.1,0.9266313993398054,0.9640800428062622,0.9843757667333133,1.009020954356551,0.9534297859984101,0.9712477321202865,1.0437291488697162,0.9611930622393474,1.07930767808003,0.9025009811978921,1.1777032036611543,0.9778676884945968,1.0388883498761359,1.095535786420926,1.0221341809429512,0.9537357328385083,1.0407611580807914,0.9237805408770273,1.0493916776660455,0.929747834682754,1.0287766305936958
1012,0.0,0.0,3.0,1.0,0.1,0.25,0.9508946735940532,1.1302402791564516,1.126521463728651,1.0231592443810371,1.0160460256003905,0.9960482505622643,1.093208605991154,1.0284130462268979,1.0477689128699985,1.1068842279990958,1.0375455862274992,1.0333600979747313,1.0242263387664228,1.0233457435531192,1.0322189847045322,0.9710877163984402,1.0970831868819673,0.9946577596446791,1.01445132090093,1.0819296793623179,0.9899675267263744
1013,0.0,1.0,3.0,1.0,0.1,0.25,0.9507569247364787,1.0855660324090028,1.0414334244476187,1.0762238956851495,1.0798021332709418,0.9591425704308313,1.0297581842378634,1.0490147467443574,1.1095975531567603,1.0102435621907588,1.031257108901066,1.065807717055448,0.9685062773096924,1.0724494478745965,1.1367724888298536,1.082498956033034,1.0631439829954379,1.0102723864941414,0.9916869450003869,0.9344673906455546,1.0104329214645815
1014,0.0,0.0,3.0,1.0,0.1,0.5,0.899918448574612,1.0885201376401306,1.0683439245835125,1.1054915728207093,1.1447719579026536,0.999355983696588,0.8521288688951215,1.054324268894588,1.026174195019645,1.1117729275595103,1.0543503443115918,0.9881469187042549,0.9791755912814533,1.0684946439664817,1.0852952184548532,1.0113087385808186,0.9672814144500237,1.0195334109264014,1.152204874596084,1.098961262728257,1.0958670059949545
1015,0.0,1.0,3.0,1.0,0.1,0.5,0.8997873497894374,0.9288105221561367,1.1495897168412343,0.9774551461594254,1.1213843726459005,0.9859254127833039,0.9729702111558166,1.0279022500239197,1.0340955620803667,1.0438317266415353,1.0805595253733205,0.9687804052522744,0.9934659304150669,1.1165813598864693,0.8780780501715922,1.0544719681538253,1.0456454661029468,1.0314858722918419,1.0226117769819139,1.0602453622685764,0.9674201720722311
1016,0.0,0.0,3.0,1.0,0.1,0.75,0.890461436327167,0.9965019006220366,1.086470874316167,1.0391215113369878,1.0338290727765995,0.9475328841493822,1.0136778810868106,1.0632518663106374,1.099516659236547,1.0436824568724559,1.0204278257589483,1.0644729742543186,0.9448392006258044,1.032496037799117,1.0721840129849756,0.9263842083614194,0.9769838731377908,0.9339186992566991,0.969499666424329,0.9867084112241635,1.0773050031311413
1017,0.0,1.0,3.0,1.0,0.1,0.75,0.891007850174233,1.039237216854667,1.1490936450981581,1.0361159338801662,0.993563887698247,0.9865169799491701,0.96910417177856,1.1569906370372378,1.1285831067820236,1.1326160277052264,1.061482586105048,0.9789120298949605,0.9863073527316301,1.0905465571858752,1.0348840903761147,0.9722046186343855,1.060618970204344,0.9798787595401401,1.034278978661037,0.9964043521752476,0.9986769388009791
1018,0.0,0.0,3.0,1.0,0.1,1.0,0.942830615908632,0.9433669654152301,1.0527816921146522,1.0487232876993704,1.046994395681969,1.0716770626962497,0.9934113898968931,0.9407763563937158,1.074914467723064,1.0580111182621508,1.1073818478923314,1.0392622651487406,1.0061473305312265,0.9643149586248979,1.0026039740994117,1.035273024650796,1.0625370791457536,1.0266535651861703,1.023246944312284,1.0343529492807548,1.0484594692210092
1019,0.0,1.0,3.0,1.0,0.1,1.0,0.9425611578478038,0.907142087970979,1.0579533996948625,0.9340226478115825,1.0350287882986247,1.0083493288764687,0.9427734819433318,1.1505645462527792,0.9926924372058289,0.9820175229915065,1.0328931009992972,1.0182364721291277,1.1482761672132962,1.0662836863633445,1.031244860454375,0.9261158685055627,1.0496609755569013,1.077299263717701,1.0503580992379427,1.0058016020161809,0.9442488629199451
1020,0.0,0.0,3.0,1.0,1.0,0.01,0.8931243982660119,0.8548427492872285,0.9864836303526779,1.007570081945838,1.0424493589793347,1.069522289912896,1.1235388770368009,1.077694414784819,1.146773506756311,0.9902459164886092,1.00799640803061,1.0324267466302448,1.057324804386788,1.005314151362694,1.080050487180313,0.9565543609936736,0.9161668759209158,0.9725365004220552,1.005840386514239,1.051942497572523,1.1264496756135407
1021,0.0,1.0,3.0,1.0,1.0,0.01,0.8931972668404496,1.0307660756854895,0.9334871374958588,1.1414425268699995,0.9531447660323602,0.9755498878712129,0.9996558615290656,0.947915103010219,1.0360244846871274,0.9734773390330169,1.0221040611508183,1.0310256249917988,0.9535194611397153,1.0008091506225918,0.9238815922321483,1.007505480426479,0.9951656823445683,0.9869508647880207,1.0834281103463739,1.1520526056635487,1.0109323901203964
1022,0.0,0.0,3.0,1.0,1.0,0.1,0.8849574877954745,1.088103098730669,0.9958878968224942,1.0483259550545263,1.0450605160885493,1.0567234128377168,1.0402268779858161,1.044449185816971,0.9891708214728857,1.0316097199638246,1.0872684708480442,1.0006791903188907,0.9929860586281742,1.0502266840796806,0.924836727445938,1.0316193379572574,1.005759211034202,1.0582062049706384,0.9469704908373744,1.0347028851441118,1.09202354127662
1023,0.0,1.0,3.0,1.0,1.0,0.1,0.8851771894838683,1.1454581904126313,1.0909205140743434,0.9394795685040008,0.9343091447380039,1.1078602812552676,1.0733230921430525,1.0107992609787746,1.0887875854414684,0.9906033432538301,1.0879123832466682,0.9192483952595935,0.9129113145008312,1.090197036697815,0.9166150138821239,0.9310255558838908,0.9574796787792764,1.0211149519965232,0.9707760541601387,1.0361797746726773,0.9672968983248513
1024,0.0,0.0,3.0,1.0,1.0,0.25,0.9374408175940627,1.1526020959559047,1.1073197856402155,0.9826526944135116,0.9767312788396354,1.0456255143436375,0.9554721396885288,1.117327739407359,0.9544251114365521,1.2082926931467737,1.0640532468079031,1.1051963398464082,1.09731541230962,1.0421706548255327,0.991776957616998,1.0715422354052975,0.9866311855107499,1.0433140489872934,0.9619315412344691,1.0467898240244757,1.0880085465710136
1025,0.0,1.0,3.0,1.0,1.0,0.25,0.937211573503993,1.0722126104937888,1.0935222115839944,1.0718847136387708,1.0278413574019503,1.06093904747819,1.0241621473962121,0.9017448333496928,0.9530583172736314,0.9438480170550171,0.9324385262965494,1.02916676347415,1.080036606835601,1.0997493531358662,0.9875154670493598,0.9990960707905512,0.9707284149823823,1.0880858612661957,1.0102303949610585,1.093700211325413,1.1019476947448843
1026,0.0,0.0,3.0,1.0,1.0,0.5,0.9253711701688319,0.9357626848866086,1.0896464182464005,1.1122017827502524,1.0370065916472178,0.9738420356094298,1.1161330711264914,0.9709602183379685,1.09405113250115,0.9943281582472552,1.0030844225833004,1.0142930663144962,1.0127845849586115,1.0983823839404998,1.0390046498860273,1.0030682526493786,0.9986534179644648,0.9640221996545082,1.1468214906008,1.0386609736146761,0.9696363121828877
1027,0.0,1.0,3.0,1.0,1.0,0.5,0.9259814652194527,1.0575165847306394,1.1304690639906683,1.0829526094469013,1.0767963328341168,1.0406888104089982,1.1254014818955482,0.9815463754433804,1.0346731489378425,1.059679646928407,0.98126914577258,0.9376951940540046,0.9836904866717534,0.9713264662718276,0.9855350281476598,1.0258163779680904,1.0519688715643254,1.0371764814211069,1.0323686254863857,0.9471991934103587,1.0446869534116017
1028,0.0,0.0,3.0,1.0,1.0,0.75,0.9652466169361976,1.0450821924033937,1.0087731802388487,1.000913802510426,0.9933097383328757,0.9855379139987938,0.9680822478394352,0.9666538079131471,1.0062157376849108,0.9761349634832946,1.026732896164519,0.9777536806444055,0.9595511741534477,1.0656034740335827,0.981434875522271,1.077241411732455,1.063804550509893,1.0088389488774836,0.9610708511109591,1.0667996146673981,0.9833899462768088
1029,0.0,1.0,3.0,1.0,1.0,0.75,0.9658892249047815,1.0368804885861889,1.0545076126081159,1.0488979183217293,1.0354551155472165,1.0897043818535528,1.0377905714106854,0.9671548304893415,1.0832067670742334,1.1244153203508347,1.0323154218832928,1.0784182531164745,1.073895761628202,0.9847085873378394,0.9782282933507828,0.971065301353472,1.0581408475751666,0.9960958254161244,1.018970037007547,0.9296057357660662,1.0291381376110054
1030,0.0,0.0,3.0,1.0,1.0,1.0,1.0521418184901035,1.0233589411789745,1.169467574628178,1.0862625279262086,1.0038724950307725,0.943831634728834,1.059706610087974,1.026270435872485,1.073021172100384,1.0093874253047406,1.0727428947873636,1.0042217331679029,0.9696206451480383,1.0737717000431335,0.9770782434084602,1.030619804987256,1.018089936763839,1.0105339096703247,1.0069201217722774,1.012224011060338,1.1289919554728534
1031,0.0,1.0,3.0,1.0,1.0,1.0,1.0523276394448464,1.0163263562704201,1.0552187251975145,1.1483292806998278,1.0925466281426925,1.0191405795863477,0.9198769350852354,1.0236314469278798,0.9767594277365446,0.9919401235739111,1.069399569583291,0.9360297938355856,0.99264305620433,0.9360483082323572,1.0733082945805432,1.0211359704134932,0.995282495818283,1.0260082284159526,1.016618748347984,0.9709474177149876,1.1240017591349645
1032,0.0,0.0,3.0,1.0,5.0,0.01,0.9900734011223096,1.1415688849001555,1.036817925764598,1.0601463710552064,0.9809494781595571,1.0032173863663938,0.9635742015864138,0.9855249310612586,0.9761695701037275,1.024383418121616,1.066430392019028,1.1492405941930406,1.0287990983696955,1.107216238277928,1.0926348776146864,1.1467834506234071,1.1150719087237209,0.9999527943391786,1.0788858622138313,1.1035411558755892,1.0169403605437195
1033,0.0,1.0,3.0,1.0,5.0,0.01,0.9904168500486495,1.0820832611775821,1.0117569645856992,1.0497067091113044,1.0366888423342195,1.1490200152105123,1.0550185438673505,0.987354910969748,1.0264700955212769,1.0879622481741105,1.1080121073114328,1.1879467157951413,1.0280965775034958,1.225547921352809,1.151918738499173,1.118511775105915,1.2494441087022201,1.0704868440156967,0.9831234425777744,1.0816128607349158,1.0661602207278817
1034,0.0,0.0,3.0,1.0,5.0,0.1,0.8940895291558976,0.9641076495514699,1.092889097891307,1.049839395678353,1.043746088718059,1.0451026337178826,1.0298254903464341,1.0458347494338902,1.016996126256233,1.0626200275222457,1.0940730602719029,1.0254954932829823,0.9467923848679085,1.1054829384427938,1.106819175465414,1.0381812756256312,1.0589334412951716,1.0663428033676776,0.9706995969671898,1.0679888464184808,1.0540036652144538
1035,0.0,1.0,3.0,1.0,5.0,0.1,0.8948932077496449,1.1076450328406293,1.0323391015301695,1.1443787016409104,1.040554082449695,1.0436439017905053,1.0449988314611887,1.0920033428664975,1.0886278131428035,1.0862171825653562,1.0884837444732125,1.2635189942161131,1.0935116723432272,1.096117049315796,1.1152913397633306,1.0808143014084575,1.0789105653217594,1.1782296432863535,0.9892161184685918,1.061170057750561,1.1379009733362764
1036,0.0,0.0,3.0,1.0,5.0,0.25,1.055693462537299,1.0724763490813216,1.0266342998464406,1.1915603195236981,1.028369633040208,1.0300830217242325,1.0682734565139238,1.0378588392893902,1.1365749646415915,1.0703114320257474,1.1030715701566727,1.006919357397728,1.1419992735166098,1.0544845259563882,1.0157698130166233,1.0658358936021373,1.0584136948580085,0.9429345501750759,1.0322536170501575,1.0943832523905423,1.1327123820194334
1037,0.0,1.0,3.0,1.0,5.0,0.25,1.0561443898153537,1.0810374406828898,1.0507781399538125,1.1566212004426544,1.0735643702741875,1.1476193950280413,1.0602861035989244,1.1193695472174854,0.959463662972708,1.0856422740197973,1.0829597029983222,0.9312545366015816,1.0374614259935322,1.0615126141307125,1.1028552230002653,1.0080233583532714,1.1115911910514686,0.9896079723069799,1.136290787102075,1.0618945496127346,1.162874978572379
1038,0.0,0.0,3.0,1.0,5.0,0.5,0.8474045704593198,1.0935401914242433,1.1163405044292076,1.196223574821566,0.9549410916182604,1.0712153675019414,1.0813579256748589,0.977828972984384,0.9819734584753033,1.0013796219957918,1.0510590959985564,1.1064159554714625,1.0710693663048163,1.0645187134116236,1.0442447555561079,1.0442518495335298,1.0608316216015505,0.9841550304674976,1.0575699124118612,1.0368242444809406,0.9951370304550033
1039,0.0,1.0,3.0,1.0,5.0,0.5,0.8476036249904825,1.0584045134566669,1.1108182787711893,1.0024887224965002,1.0015381579108968,1.0230898809308777,1.0577849466127194,1.0616645328625482,1.0079867202742052,1.1050664466503846,1.0771111494153915,1.0047679565706915,0.886672260732059,1.0630598830368427,1.0294755392950443,1.012396098522465,1.017661026855218,0.9975110209877279,1.1011971710976989,1.0230471208799459,0.9772149065676528
1040,0.0,0.0,3.0,1.0,5.0,0.75,0.8921864319277042,1.0945888679334221,1.0436941507990602,1.0212367731883647,0.9966466322067654,1.0833064743738288,1.0632986960211015,0.998374062449855,0.9998018310693005,1.0580429774921856,1.1419234501140898,1.089593644582168,1.0066078182257712,1.0465816929091047,1.0897916440518307,1.0389379416058109,1.0058287425791912,1.0792653092463813,1.025102676099708,0.9839362817168287,1.0092491888751254
1041,0.0,1.0,3.0,1.0,5.0,0.75,0.8928411416860729,1.119541472380201,1.003894609241471,1.0891505986678829,1.0115273163731342,0.9632358574114332,1.0847088828757812,1.0367872975179329,1.0672464665874632,0.9620724985386964,1.1213554460160555,1.0740990352217437,1.0278097686653935,1.0707340041791609,1.1057284689797404,1.0589215557626646,1.006396781537911,1.0748703448375705,1.0542560498725662,1.051461563374165,1.1149299492366065
1042,0.0,0.0,3.0,1.0,5.0,1.0,0.8417382397184979,1.0775769341672135,1.0810943267057125,1.0626690565518577,1.0455214423486838,1.124237963781973,0.9442609793864365,1.0216571731048982,1.0972816576891735,1.0618064508139666,1.0992093808211623,0.9955639265942522,0.9914843950559787,1.1516219778113435,1.0602341641918593,1.029551632534352,1.0238215947313194,1.076215824496029,1.0299359257280527,1.037434894906639,1.0967374779273191
1043,0.0,1.0,3.0,1.0,5.0,1.0,0.8420539431247027,1.0533384344508232,0.9157981807265484,1.0533226795520647,1.1274434660493364,1.0702598280528717,1.20693967260293,1.020386405142126,1.002808363679629,1.0084441804951063,1.015453821532951,1.0622320680277975,1.0894993359055993,0.9791127533664002,0.9649143288591778,1.0274359939176285,1.0775203861126545,1.0889235632068304,0.9520408073156108,1.0531561704674193,0.9011220075356923
1044,0.0,0.0,3.0,1.0,10.0,0.01,1.1049564521759319,1.1715816453577608,1.31504224750585,1.1624686746862167,1.1772942108019933,1.1724990119799374,1.152639927005404,1.2316457563386503,1.1852032524343783,1.2160481131773526,1.1343161061941265,1.114462432922317,1.1412125168922178,1.2094656959156294,1.1191737939632647,1.1601316593320383,1.2238333882872314,1.1873015451255908,1.0833230086080727,1.176642434162915,1.2632753356698831
1045,0.0,1.0,3.0,1.0,10.0,0.01,1.1051820421261536,1.0332135493278174,1.1865157652414446,1.1371610273164552,1.244977478572106,1.1433847916226845,1.1215261130848357,1.2070667911454478,1.1315071509684356,1.2818430398122413,1.1419417060695987,1.1338267538267006,1.3039588630190944,1.2547342785714306,1.1271510926187085,1.1749325587488366,1.1520991460611838,1.131845065634658,1.2564222640924494,1.2592274307595246,1.09665738960567
1046,0.0,0.0,3.0,1.0,10.0,0.1,1.0324323727680276,1.2028070666103456,1.1292296382451228,1.156558917023829,1.097487708358119,1.0868575284898838,1.0171320178163863,1.0617039999779125,1.087993532450604,1.0577286346146304,1.100992262031639,1.124731953011787,1.1564923723280378,1.0846057122260222,1.0865519008906968,1.0267684717550567,1.0984579492125002,1.0301887632453617,1.175581224058685,1.072285831112565,1.144425036588198
1047,0.0,1.0,3.0,1.0,10.0,0.1,1.0324563933349447,1.1535052367261929,1.0955887879677073,1.0618432762497052,1.0979404001151412,1.0697184038340712,1.0812439208295674,1.0135109492411358,1.0837802028596693,1.170842115957058,1.1423859940294976,1.0597026831436482,1.0670520717810117,1.2173252376391845,1.0889753451471704,1.110977672353505,1.0731440364361453,1.1573297116209418,1.046978328513211,1.1384708578423277,1.083830429089174
1048,0.0,0.0,3.0,1.0,10.0,0.25,1.0366606261795357,1.1238389740329615,1.1591014153325894,1.0639472061366793,1.0441978916680026,1.022289018251019,1.0621778762894893,1.211409162805955,1.1025517169493173,1.0069222311141703,1.0353929414062202,1.1156925699337032,1.11917594534328,0.9752945028524191,1.070166519127955,1.1075115886020195,1.041488950127309,1.1315310832764134,1.1254060536981612,1.1773690903395324,1.1678557716485838
1049,0.0,1.0,3.0,1.0,10.0,0.25,1.0370449368794001,1.1536899769667477,1.1183537086900945,1.171990630407735,1.105855616367681,1.0293339107784991,0.9249288352925067,1.124328131793631,1.1052757244276779,1.1081360276362366,1.035696266751206,1.0287558846825677,1.0780651946029989,1.0299414065277452,1.0060138054018415,1.0608257389481843,1.0656213676657742,1.043803476891799,1.0043305798669069,1.1699304387834184,1.0605532078265492
1050,0.0,0.0,3.0,1.0,10.0,0.5,0.8376506805933106,1.0818791251872533,1.0319645668051118,1.053114414636201,1.0554996731784332,1.0246391121806218,1.0564708987340095,1.03488593183679,0.9127418283425601,1.0871607507845709,0.9571653776529649,0.9424954700901544,1.038456158449343,1.0637336622377402,1.0200583593267165,0.9101637473492349,0.9335157787573797,1.097865728663281,1.0635943306096487,1.0273553711215166,1.0922508343883477
1051,0.0,1.0,3.0,1.0,10.0,0.5,0.837669043143742,1.0048306950867019,1.0390393557808015,1.0474294273033156,1.0261038524596087,1.0799638996039014,1.0688354970387965,1.0302430600759678,1.032748455253171,1.0698918288171044,0.9875459193457269,0.9499141133613881,1.0685217817504733,0.9046045074197849,1.0316557385495948,1.0343581568781686,1.0568576464489252,0.9852667674188913,0.9980961604092834,1.071843830923988,1.028567947074194
1052,0.0,0.0,3.0,1.0,10.0,0.75,1.0684432852844703,1.0487834791370572,1.1041644116174423,1.0865616282710904,1.028753001205336,1.0345748363667402,1.035879382107226,1.0534862606200146,1.0046296444422294,0.9965930751407801,0.9840006670282299,1.1118141136127209,0.9804381973168692,1.0050475027933667,1.0504277036164924,1.112032846879603,0.9936227000985569,0.9398656268607262,0.9375296500800979,0.9443005845771139,0.9385060003459288
1053,0.0,1.0,3.0,1.0,10.0,0.75,1.0687096173469472,1.1436192507127554,1.0891855086719164,0.9923381751180985,1.0119307356608105,0.9533715037538084,1.0642279799944756,0.9483483619321427,1.025392553923753,1.047149101812871,1.0169076870481075,0.9678536929701084,1.0214846809427311,0.9159530810894639,1.0214118243026584,1.0200710107930242,0.9615284584870023,1.060948608169834,1.102011921933511,1.0295388861497263,1.0353185928955202
1054,0.0,0.0,3.0,1.0,10.0,1.0,0.9522872603301245,1.1262959129508807,1.0039915908581305,1.0490748888632173,0.9264255761381408,1.0825074256116252,1.0880631352276264,1.009469374117574,0.9934820562212126,1.0065108138479266,1.0145283964365786,1.0587946075191446,1.180780910887754,0.9700963786534805,1.0144312097945498,0.9584390823031392,1.0505769649943308,1.0095881030344007,1.0149440424068663,1.0963083037196055,1.066423646888321
1055,0.0,1.0,3.0,1.0,10.0,1.0,0.9518387267371076,1.01346291711967,1.0376557475907007,1.0487406122232823,1.000694910617108,1.0210866113792476,0.9825092553113023,1.0878630869153925,1.0610695850325562,1.086577868427444,1.0710835092766262,0.9302475306573426,0.9931946647391097,1.0122261258264276,0.9318365819011082,1.0158908189960796,1.0236935314677542,0.9922025526687744,1.0676195618892323,1.0542156246289554,1.0263594305026633
1056,0.0,0.0,3.0,2.0,0.1,0.01,3.7783440351209223,4.535012701505641,3.8093449455389217,3.8069983216997674,3.8027515304485977,4.510973143654661,4.038543496308494,3.929151561375444,4.561915656137873,4.0548922467556565,4.32244352020873,4.196250800073841,4.139836339584339,4.181759067159691,4.052777810480552,3.5448112057045247,4.322079097111618,4.213005734186609,4.465236527961772,4.115234237345503,3.773600353248825
1057,0.0,1.0,3.0,2.0,0.1,0.01,3.7800053906315894,4.029403961058735,3.653475547038496,4.182670097078542,4.274870476671599,3.944037513334659,3.7030985360242434,4.555254497584541,4.260936418154286,4.160483039927461,4.205054715758674,3.9019896970999732,3.9697861830407333,4.276835775947511,3.9461539974503306,4.1582832183615945,4.415610962002729,4.234341849831818,4.105220901068977,3.9156547994161772,4.340839521325588
1058,0.0,0.0,3.0,2.0,0.1,0.1,3.592847601559035,3.7976943844516207,3.8934179991447104,3.7698959278681534,4.0401926358027955,4.4374141869214885,3.788583399262529,4.045121204169439,4.262956983099565,3.9957176361093727,4.284191415712522,4.4465731290269135,4.012244324661885,4.347167184679404,4.419134963897908,4.4472236888768375,4.1890593540427785,3.963944925409637,4.506547814489535,3.875158950814519,3.647071810712974
1059,0.0,1.0,3.0,2.0,0.1,0.1,3.593911946969795,4.373916151595228,4.088602556765009,3.7672338641278156,3.828441135054921,4.1707937848657215,4.338191843843713,4.202827162554313,4.283559954102209,4.094821812875779,3.9823296911179247,3.850067343338765,4.262097001902738,3.941233014110428,4.734472549186565,3.8874632430067373,4.082184046925867,4.0044024537249845,4.015188760155838,3.944210396651327,4.012932887458477
1060,0.0,0.0,3.0,2.0,0.1,0.25,3.743704320424007,4.145391610696487,3.980541451335387,4.044396540195982,4.2875478410508086,4.711270553785772,4.119377069896224,4.104246593359903,4.001894577402391,4.105415475970948,4.218962902409704,4.662734288668903,4.353123833184962,4.088071736225957,4.157452301401909,4.129143551845628,4.192872974408326,4.041420039320165,4.341162013850019,4.020953604252081,4.264108952661807
1061,0.0,1.0,3.0,2.0,0.1,0.25,3.7443955528315795,4.3261322882799975,4.030314894251077,4.363388211027888,4.31659590490207,3.8486365782026506,3.8935223995504296,4.358610119147158,4.110102583795234,4.058165939224452,3.914151610504526,4.111840690570457,3.9551347352764292,4.355939259001088,4.295558097327304,3.999518845988498,3.9827653177384024,4.261305461988235,4.290444596073971,4.245473622626798,4.307721468029886
1062,0.0,0.0,3.0,2.0,0.1,0.5,3.8511015784265132,3.710315744013693,4.129107378548875,4.333435200970717,4.426254746626666,3.8325572471877916,4.029505157142868,3.8428981632789467,3.8898317701875675,4.281616510586052,4.6311994308829965,4.052021670299021,4.078315493293804,4.537808219643617,4.353247792393782,3.8847044500079515,4.0480566440225525,3.979874139004243,4.210131035382663,4.041530253227257,4.287876563860959
1063,0.0,1.0,3.0,2.0,0.1,0.5,3.85247041552648,4.096123387711866,3.8815187901272337,3.863652192646089,4.13307097699642,4.152566118307206,4.303514984753683,4.3522813569055065,4.090490750434798,4.105894151820553,4.273435667581084,4.037663605708408,4.539262391367586,4.028787180567334,4.142471513108819,4.420978950062941,4.458447466655247,4.025833802421585,3.911856543137051,3.9696602135677383,3.972481319979113
1064,0.0,0.0,3.0,2.0,0.1,0.75,3.325801783790254,4.06440895587464,4.0728252514039625,4.098393740874065,4.841986100619716,4.053891963165137,3.9985855910499404,4.1979477386896455,4.353699468443368,3.6781258582494463,4.6153397408092,4.266398998657543,3.9382354909769735,4.2209251929432545,3.9956583153190857,4.09393369213949,4.317204743065399,4.576974173190004,4.219421331532025,4.30180684753608,3.8434467024199197
1065,0.0,1.0,3.0,2.0,0.1,0.75,3.326896790204807,3.968167922360007,3.8643211236489163,4.1774304657520736,4.414435017465554,4.281998381376904,4.324792356448089,3.694356340809265,4.196388669401506,3.868596965966151,4.309717159672426,4.042349270439244,4.337114352509957,4.136111874659026,3.6648789101804984,4.3838528361560964,4.167495140837597,3.727925955696294,3.595944003007372,3.764319314634896,3.775916266511002
1066,0.0,0.0,3.0,2.0,0.1,1.0,3.638297096614317,4.21392936015561,3.9180036178776296,4.041220652233374,3.9724357571380353,4.123374024300411,3.8004892571018987,4.126265809684325,4.146945783753951,4.122109370363645,3.932749587776402,3.8882688762833495,3.8779152418364844,4.1296471966113435,4.220178923780182,4.2929812274386965,4.141271135640429,3.9976683527778776,4.404007386463195,3.9684185789005757,4.161956513230317
1067,0.0,1.0,3.0,2.0,0.1,1.0,3.6385454752089084,3.878218682240098,4.261500151783751,3.5961241919279616,4.017817322872599,4.227483820429722,4.212361542398303,3.5593177884043437,4.149161919923914,3.9872813213958254,4.2043393812664664,4.099412585955797,4.3393317535125036,4.188972359538529,4.185397154687595,4.181184162790624,4.318049598438741,3.9419655349459166,4.263758041410703,3.7994835286860447,4.0608750436699745
1068,0.0,0.0,3.0,2.0,1.0,0.01,3.9087295391426253,3.875974912343608,4.219914434491549,4.494339300153587,4.225300200439213,3.787077085778152,3.9431694498053913,4.05025038930633,4.194214280249142,3.783761809816725,4.213429815871916,4.216718355899415,3.793443320830236,4.063302460158904,3.8720623318593224,4.535584489966325,4.086245363706856,3.9648787097224516,3.905698032268355,4.092650250272468,4.327653573865456
1069,0.0,1.0,3.0,2.0,1.0,0.01,3.907949903307774,4.299415416506128,4.267153154635299,3.971640274816676,4.029616551961472,4.4431366918947806,4.1270960339207985,4.072014358508523,4.18636194228124,3.9145046855822305,4.183579756401396,4.124958149016696,4.09407102303608,3.920450010682988,3.8527006983254286,4.265613956078996,4.2509677256973735,4.282990184083027,4.1223980674784215,4.258358430086279,4.4254955091664785
1070,0.0,0.0,3.0,2.0,1.0,0.1,3.7163303883340704,3.848703132014908,4.068130900473954,4.4081679500853,4.206795898150022,4.183224436658,3.814882831087487,4.224139171478168,3.8531155877682606,4.168646897800956,4.158109753444116,3.7730670505213215,3.90556869295852,4.154340227984886,4.03428242653153,3.8535427880336224,4.228460615346803,3.5883883199062905,4.370164101682752,4.414502837492985,4.00984700171781
1071,0.0,1.0,3.0,2.0,1.0,0.1,3.7159894130583853,4.157152561476041,4.191870877214687,4.1828817964671385,3.926563548769215,4.088006592076445,3.974867757696264,4.55925325252514,3.928935745092253,4.274796126738501,4.056814223868379,3.9237171630309313,4.076853820248774,4.258352440759085,4.610367451319559,4.3102383566555655,4.341347822701234,4.029384637261792,3.986440684301986,4.121208731245627,3.75680922441247
1072,0.0,0.0,3.0,2.0,1.0,0.25,3.3909450619029187,4.2229230950834,4.161438526030583,4.178944588647519,3.6200340401790747,3.9801012870593477,4.3046540633859385,4.559905756720411,4.157066993578224,3.942474477879947,3.993462799177962,3.8604195978889067,3.826253968681412,3.945020874619633,4.339232615911114,4.063693412511724,4.138263916285383,3.946276747941898,3.8701954979553173,4.150897974197632,4.138139911736009
1073,0.0,1.0,3.0,2.0,1.0,0.25,3.3919336304821153,4.521902029358907,4.102774876320128,4.159883210648997,4.38280841093238,4.165992892253993,3.89470346036794,3.5703555722225553,4.347424354090043,3.9255102882584105,3.9426463501496634,4.033526959949232,4.383500621481273,4.098581056688094,3.9334578068275734,4.093717492933434,3.5313614158446436,4.030227746599311,4.31711213565164,4.118053092983377,4.129535284041811
1074,0.0,0.0,3.0,2.0,1.0,0.5,3.7386592248727117,4.105086034644524,4.228278799919504,4.125237596626704,4.08093490885758,4.357132727018172,3.9439447531451113,4.328145050261642,3.8003727961316516,4.131796459431413,4.225218033276184,4.3562565354799725,4.012079592126917,3.6651302859628823,4.158806843985214,3.8612323121162686,4.246940382719081,4.376876066076818,4.676608951724877,4.009331830065117,4.0626586918611185
1075,0.0,1.0,3.0,2.0,1.0,0.5,3.7409477303905114,4.086938516125365,4.176373317145099,3.8347825822008024,4.067277381445667,3.7870910135142637,4.157320205934297,4.224642388092013,4.243573033724856,4.102007586343689,4.178505494835126,3.988527988812487,4.22449877481868,3.747157248096647,4.121740911174657,4.033898087315182,4.067715426972516,4.171676718062445,4.227838180112362,4.196228368849432,4.130731052169635
1076,0.0,0.0,3.0,2.0,1.0,0.75,3.414964056058355,3.9762467308122997,3.8263437709271164,4.2952671623587015,4.140720497443523,3.8711426434567344,4.152971922440719,4.291165401400999,3.933499545605052,4.249054668139573,4.117577414325974,3.620012492207704,4.414678131682374,3.9998949994389834,3.9591618606369026,4.137476275621065,4.169640281050984,4.060622038736611,3.8472135987441374,4.216882650121546,3.8181844237069003
1077,0.0,1.0,3.0,2.0,1.0,0.75,3.416221232747291,3.973578785267209,3.7613749955581786,3.973559993595923,4.157028752113557,4.331856648642788,3.8271036085792804,4.119258927826623,4.1591015066317345,4.263083215335954,4.134534567663394,4.285278548530443,3.8819096383385214,4.348847516925679,3.9669656876474138,4.372788963894963,4.063856887326688,4.465081320106215,4.270618582344195,4.337299586640653,3.8800374879917405
1078,0.0,0.0,3.0,2.0,1.0,1.0,3.3230217589885083,4.230846171658894,3.6702495613757784,4.098741800804972,3.7326715826019297,4.281059263783912,4.6401374238704625,4.300655477133318,4.220560689499336,3.774917722452621,4.011549062727554,3.8474168979102816,4.52735360642564,3.887860297490204,3.7995538675008764,3.9024236127908165,4.461647310786294,3.752368936234931,4.217182268140753,3.6881498869745877,4.37200293202503
1079,0.0,1.0,3.0,2.0,1.0,1.0,3.324133182857408,4.115719213095663,3.8478658013906926,3.99886181169168,4.677653251350628,3.735072708642439,4.275836007112177,4.248568908269479,4.032957157476874,3.797248312963375,4.361935969444904,3.9646488215086486,4.006276857096677,4.0332480300567255,3.845983338120245,4.094697666361982,3.9916400809229393,4.473093004245535,4.29427989025296,4.088806021699617,4.111269067463772
1080,0.0,0.0,3.0,2.0,5.0,0.01,3.7717191558022436,4.210896669308276,4.307097240267373,4.147995558227641,4.271502065677482,4.160851926747362,4.200512207899501,4.189831030833047,4.131137695003738,4.042778962417854,4.3208782927710105,3.870567237757545,3.9508413845074792,4.175553107354475,4.12302780765356,4.069297950134189,3.9114336958415095,4.35132883451673,4.365299424771014,4.224700337035255,4.3139882627210335
1081,0.0,1.0,3.0,2.0,5.0,0.01,3.771104783532656,4.736863394918371,3.61202230168006,3.9157976883319687,4.417659986510727,4.153228555754345,4.478398723138036,3.966759250749002,4.2070001804991595,4.05415961240384,4.1590320345393845,4.035746255843591,3.780945944081094,4.137325359805186,4.241362196246389,4.265564759887666,4.441714416708028,4.308010782489989,3.9790894785259923,3.9769306890635225,4.087430154142585
1082,0.0,0.0,3.0,2.0,5.0,0.1,3.790367149339878,4.123614331560851,4.609217364398613,3.772292568920106,4.137549297719921,3.96538851505332,4.1766129519447555,4.181728633469685,3.9579342915824425,4.195024805696473,4.3980784030734315,4.436516418273165,4.3133888067670165,4.149553373921029,4.187425866140971,3.9839921573227186,4.309430551193469,3.9040462541934904,4.31638644332476,4.170994057761574,4.27237802077829
1083,0.0,1.0,3.0,2.0,5.0,0.1,3.7906962444060803,4.2659370893712705,3.7577520955174166,4.221619014683504,4.1849154293165896,4.494637270110666,4.666423075381279,4.112125970849757,4.079307659512565,4.233950067293895,4.814181946137622,4.27407915896108,4.000281800331812,4.318088040309072,4.624746747305602,4.263005641521224,4.2821539118645315,4.2075364155809165,3.7363686859885847,4.359076360204579,3.967595617332282
1084,0.0,0.0,3.0,2.0,5.0,0.25,3.8736043032404472,4.027986342240871,4.353814310075498,3.9542105050806278,3.9141165748194995,3.818916458275036,3.9296430801802553,4.524578574214944,4.00501031821529,3.9571553329761198,4.257823679555405,3.9725345489777917,4.7112907022431525,4.154425744396731,4.209405196953043,3.714842999478844,4.878709184680072,4.371281027144068,4.623670260707302,3.8615669866407103,4.099721270747585
1085,0.0,1.0,3.0,2.0,5.0,0.25,3.8743622760940446,4.144911079829244,4.104105248965968,3.993999912545855,4.104064902295535,3.7139803075408024,4.036115874990713,4.362884330344667,3.786395232072549,3.78216952670191,4.382312622505777,3.8199528987311817,4.258602570664177,4.724056498335388,4.269900206885582,3.8001626830260022,4.414940861410448,4.056350687615918,3.8296233926556247,4.01130237234979,4.1160146564361595
1086,0.0,0.0,3.0,2.0,5.0,0.5,3.9582820871571034,4.432452319883812,4.297716044784057,4.314675068228785,4.187312858749643,4.1505046115088975,3.9717842263444063,4.18437692003885,3.748532493092574,3.9002293530256096,3.9062581017171594,3.8795210624819227,3.8189635736664465,4.222050328024127,4.4657392200819785,4.505856893239486,4.067073107712746,4.3591826096186095,3.837408208108986,4.0784739723204835,3.929456804820834
1087,0.0,1.0,3.0,2.0,5.0,0.5,3.9590773625017683,4.366271719450521,4.219055279381327,4.040798251503037,4.0151201268509045,4.2084039861598965,4.1355032887591126,4.525659798201678,3.5289701039428065,3.96935690738062,4.05114820489233,4.084823982029475,4.107661041464634,4.538700280376057,4.0385214072650415,4.069372563099029,4.1789363307012195,4.06011108684445,3.6574516287748207,3.8216348375075917,4.525933790282173
1088,0.0,0.0,3.0,2.0,5.0,0.75,3.5482695120879857,4.221694836041817,4.186948132045966,3.909274722477564,4.563180707999524,4.299541695479937,3.8966616137821606,4.503203610868656,3.909819842189395,4.1327681365619355,4.17687841931374,4.180002928519616,4.0472415097200445,4.247573902374637,3.7436219083108253,4.370170520225602,4.539501170924454,4.051268278464406,4.1753925375112875,4.148544823470136,3.8264227049225052
1089,0.0,1.0,3.0,2.0,5.0,0.75,3.5481520163581073,3.862452268292853,4.115391267111332,3.990533814207115,4.386676923210837,4.40722727864273,4.585095765333853,4.037809125962387,4.1702717301001435,3.9184080807858273,3.8557572583114235,4.072696169246653,4.104837176008112,4.115945242732357,4.005584913882898,4.3796448118681806,3.5999199567719797,4.391334453762355,4.100385416736481,3.999021687855215,3.7212756965595384
1090,0.0,0.0,3.0,2.0,5.0,1.0,3.227497370803315,4.24793295771097,4.234462275359572,4.284720595718817,3.816057910999203,4.118159320012635,3.783074192449478,3.891718050390556,4.4686571116953475,4.263264807613262,4.346452972047023,4.238286657097322,4.568431601729526,3.905995659432432,4.459167845918056,4.285589816996214,4.365616888341201,4.063162117798655,4.731702333469602,4.213765410299666,3.997830300504968
1091,0.0,1.0,3.0,2.0,5.0,1.0,3.229731617838132,3.7828423481776974,4.292199928306992,4.169164741918231,3.981028895298489,3.6915961484942046,4.240894552429509,4.29718628027001,4.291106365400242,3.789166288688959,3.9234301821580915,4.334083823206628,4.015749471877819,3.829971054861255,3.64332233149335,3.9127482964472953,4.511126114490481,4.137204581007937,4.313507433423037,4.491100794746021,4.1136948132901345
1092,0.0,0.0,3.0,2.0,10.0,0.01,3.8545854940904203,3.9263391877969376,4.2335553266106345,4.528795805884616,4.2346064456157775,4.50182668027607,4.709402588278867,4.21002093137751,4.1386246215133475,4.176718355174429,3.9638556662043904,4.346113304364674,4.260200061422522,4.548244147768919,4.243484301998892,4.616383774860596,4.405444222122004,4.534986224305284,4.056977588916414,4.305076684804708,4.360313529158894
1093,0.0,1.0,3.0,2.0,10.0,0.01,3.8543229969520283,4.045567834346483,4.09572916980486,4.587105882869466,4.2361934551942815,4.164194298006939,3.944437683475181,3.9015137331594474,4.073970846064146,4.468238388022501,4.327579264679122,3.957308433861118,3.9383778092608663,4.163237174187378,4.082161403860183,3.9993785263137966,4.251730337932777,3.9779299190746946,4.132041741389403,4.818942781018919,4.501849773232556
1094,0.0,0.0,3.0,2.0,10.0,0.1,3.8631458370310328,4.48664176655608,4.197032491162602,4.216895670449262,3.6326869224113225,4.296274072825003,3.9249127402094657,4.538729625895295,4.150246243712447,4.091870473439204,4.37769394031351,4.465780087262251,4.6122183814821,4.435755421853219,4.3948770653547005,4.045134207388914,4.112065607946962,3.8027317773271103,4.125613704509176,4.22801479736026,4.393369897607311
1095,0.0,1.0,3.0,2.0,10.0,0.1,3.863807111281238,4.132447974323715,4.02720281208333,4.340381090365319,4.121787908790633,4.350895948502771,3.8529861497311146,4.181320109391615,4.182166690339942,4.402887421112217,4.161100471886864,4.220160536356906,3.9560671468703106,4.426248441338629,4.153745012608612,4.258654514599948,4.218667671403236,4.440376207446007,4.219909068406757,4.354934566804186,4.40628153344344
1096,0.0,0.0,3.0,2.0,10.0,0.25,3.899598766838616,4.187717989826102,4.0637170334447825,4.542388500118089,4.097819130492103,4.701024025968551,4.000230375480819,4.345527550570833,4.167134120122309,4.202840331042341,4.256701088343666,4.3725794638688305,4.316863501299268,4.346410673390892,4.186874368804544,3.8577263328138782,4.396182917063147,4.16101463255493,3.852073306586663,4.56865471448577,4.398265043491861
1097,0.0,1.0,3.0,2.0,10.0,0.25,3.90172679751774,3.850826399661345,3.98730215904975,4.5199245057795885,3.953738520470307,4.368156114727518,4.423095405803277,4.429054627362288,3.927548302265995,4.585656197933608,3.878093720740055,4.317423436764175,4.220041271764955,3.8269694329203805,4.389204942547773,4.018958029157416,3.777544446880123,4.48134901547973,3.6440898789204557,4.645804865381445,4.097801262480804
1098,0.0,0.0,3.0,2.0,10.0,0.5,3.842135428129004,4.590981575738633,3.9020936757344296,4.113315759292109,4.055609278477871,4.069863717604283,3.7903314581776497,3.7848030041888845,3.714169647383057,4.177345771193594,4.271551244293559,3.9856329657708933,3.9173423958517932,3.687466331513514,3.7885194926404884,4.437314530759351,3.884728435214392,4.372017624717768,4.415651091996077,3.793897366045725,4.120924620066912
1099,0.0,1.0,3.0,2.0,10.0,0.5,3.8424675247986335,4.181403199756904,3.799965197691048,3.702420620526044,4.1477469310300705,4.047558577417227,4.435693964698426,4.367467586313764,3.767758267316499,4.122957612531621,3.704305812852205,4.5787672454068415,4.372539822363081,4.434761164550285,3.952126700750705,4.282784871806834,4.220534930645959,3.8108373790533907,4.1786182559597105,4.4885840787838625,3.7173116374503588
1100,0.0,0.0,3.0,2.0,10.0,0.75,3.5066395135627113,3.4362518483824083,4.371829512287796,4.313453917839844,4.136713860588686,4.0851204395316945,4.006567613070544,4.304210608155445,4.165914854851327,4.482824387830626,3.8007153546613472,4.364398438680767,4.231854839318815,3.9092610369664325,4.280946961947346,4.197605427269454,4.265809230198587,3.9539607551449953,4.164174331743119,3.970812181170838,4.242536107497028
1101,0.0,1.0,3.0,2.0,10.0,0.75,3.5075566458724783,4.291425063172298,4.037503339249084,4.23020709720909,3.7983664006798645,4.107171114095646,4.349573834637688,4.3988187762382145,4.27525173771558,3.5587263827111375,4.02444907960766,3.630948031655296,4.204517894186976,3.973880197322845,3.9742964904852967,3.83628046314764,3.7648664302275314,4.051628507044142,3.8522037066223653,3.8436597075294485,3.6394832622066735
1102,0.0,0.0,3.0,2.0,10.0,1.0,3.525076543477358,3.8182319105046374,4.162640521008608,4.042328097033106,4.194521584162099,3.4847028876726776,4.242750157341627,4.054900152031593,4.08890593147777,3.7869935529675893,3.9386262202943856,4.306489929957559,3.9458563982486967,3.9366682885470605,3.936032239707364,3.9784854614835807,3.7942712520733877,3.8739710595864914,4.14042550433513,4.038581830802794,4.205197249839501
1103,0.0,1.0,3.0,2.0,10.0,1.0,3.525198766712067,3.979212530613904,3.5636237859764064,4.051224267464549,3.802255255093136,4.200666533897529,3.9638496291517904,3.735703555851527,4.381364093250835,4.209976802277366,3.9891715425603107,3.8637996004364585,4.046250095069698,3.8853329617421113,4.194176983073898,4.779358153251775,4.210828970210996,4.059637883875815,4.063739410388944,4.113655124388855,4.19687796847391
1104,0.0,0.0,3.0,10.0,0.1,0.01,96.27711680920957,99.56460634695523,97.63672378335089,105.59358178272417,103.29434349955714,101.18576299124315,103.51518774835424,104.49511088463944,103.34381811739296,104.57701388484416,98.90941588741195,99.58882296094568,108.67578602775954,101.30737292622408,98.72279231168045,98.28196572779451,108.59000975277773,113.54738987904284,103.23446442835754,101.99256302992622,100.02744069170423
1105,0.0,1.0,3.0,10.0,0.1,0.01,96.33038966175641,97.13533039699945,94.25420054973489,113.0638933133924,98.0711237064351,106.97890522174265,98.19577317832123,99.03074171674417,105.33363322140328,107.78659407444671,106.87365610398895,117.23781852866841,103.37676613113277,92.5237684150075,107.86713694543629,103.40217336923256,96.9076291957122,99.93974856707011,98.21489215083194,107.36165723799695,109.0564897706558
1106,0.0,0.0,3.0,10.0,0.1,0.1,89.44800332137535,95.35273956018386,110.50803545988076,111.08655751777142,98.63090246312238,101.03521476205543,98.67566761487905,97.5516428017632,110.56233057358698,100.09626581647277,100.60039838764573,105.7326668835587,99.89954043134449,109.97683373195072,117.06313494340898,103.15348683937964,104.5917284430382,95.93043396038745,110.46030482014513,105.76379690553965,95.94783742516137
1107,0.0,1.0,3.0,10.0,0.1,0.1,89.4512033774471,100.4142656984638,108.63185522764911,102.23548361751195,97.97083174325374,107.52275399947531,112.81336607749378,104.59711406185001,103.79727102591693,109.82109965604664,101.1378983047753,103.37017490091696,105.30814702705317,104.29251308666777,97.56751695899345,108.6389183215027,98.67781426410815,93.02607546545326,90.50470691784257,106.43974296541384,89.83484722319315
1108,0.0,0.0,3.0,10.0,0.1,0.25,97.46844938283432,103.62726612712065,97.02352946765366,100.03862394240315,98.95086173389282,105.14012046339289,97.11202303840146,98.17057413017174,98.07459050129118,107.10526002703504,96.09026868308145,110.93700254998768,92.68080150794445,98.3653675179902,112.22751645376682,100.21398730203111,104.67943242398272,106.43188554047332,94.55259079332194,110.00058333415238,99.10588834520513
1109,0.0,1.0,3.0,10.0,0.1,0.25,97.48016772413261,105.75294997644416,96.75734758105379,105.38593130396926,102.82933924210253,104.27017639829523,100.5287242838057,96.38292377578847,98.38349227205559,97.95872847818812,110.73546300170575,113.6998618147558,98.61198125573966,106.31211470455969,103.74334379861199,109.33851297172136,99.39569997096598,102.53291594644692,102.2118167798164,104.15993033949799,108.35796506102176
1110,0.0,0.0,3.0,10.0,0.1,0.5,82.62872690515589,101.56327612766803,98.34729245503617,106.83422036635527,95.86395313289499,108.16141025651106,107.21439747092137,96.61570670890991,102.77289808969083,99.50880612204841,97.27780817452663,98.57121793556382,107.30651202429992,101.60491287933716,103.18666732578595,111.45716747352016,94.66441813457547,112.77811066294834,92.73229746238154,99.26503971625046,95.02802509005777
1111,0.0,1.0,3.0,10.0,0.1,0.5,82.63975490998604,97.02796730686305,99.193654480677,103.2915722393114,100.87432367096396,98.4019441587908,107.12767625866648,101.021319891821,104.54431229010822,97.38687533389925,99.70052095790567,107.86268668167884,97.07254626582956,95.90792521329804,99.20300932420136,103.20033702254341,102.99198713489571,106.77343384872366,99.5662997731798,98.64710561285305,99.96903892817892
1112,0.0,0.0,3.0,10.0,0.1,0.75,97.29278716099265,93.21898012371642,95.44245522483163,92.28340438267394,103.93789024507012,112.51415592004199,97.99974470800299,115.73048845154308,107.39866240415583,102.90568921420969,99.1944989777164,105.7382596364669,105.64347961865668,101.66371689970086,104.28614472262085,99.77950722670882,102.55767669249671,113.69704178903906,92.01925431559705,115.08750395520748,104.1948693330437
1113,0.0,1.0,3.0,10.0,0.1,0.75,97.34830414620734,107.97376340554003,95.6260806464223,92.75759139669765,94.82994374164522,108.28963680686192,100.18772462305138,102.33886118580912,109.24532304717502,93.56247918038049,106.5598599965319,94.32786518851229,101.25051204112557,108.06841490559759,93.58582705366281,99.78533387274993,99.08957029197663,93.67158636637224,98.31424642174711,109.41454024670392,104.60909426631892
1114,0.0,0.0,3.0,10.0,0.1,1.0,100.57468678678266,105.20515363052786,106.47828223926125,104.75731752241012,95.74250169596633,102.99719362489247,99.78155987754022,103.58917016663148,107.11360233435254,107.05480706981741,93.8433312984681,103.7212695401269,100.99406694492123,97.89440318117754,94.16309923048973,106.34355890304465,104.74363914515378,105.04427803632863,108.59678080730271,110.04331190477794,97.56603325836703
1115,0.0,1.0,3.0,10.0,0.1,1.0,100.58710153308797,96.17068292137841,96.65313690737138,100.12323210307272,102.73785642713055,112.18271079992498,106.23143856263242,102.88392833894136,105.11532882122049,109.07302575510647,107.94162997164894,110.99600507961817,98.29855428553638,107.37752486056284,100.40314340193683,100.38052690936331,105.61463414952425,95.81812742455597,100.57024212491794,104.40014782143268,100.19740442744661
1116,0.0,0.0,3.0,10.0,1.0,0.01,98.79942893060951,104.84485804144462,102.08242621611502,112.10574857729704,101.78024400656786,106.9375216071878,101.25104499345747,104.75627213160372,96.88790268341117,96.86312197220947,93.74099810997913,99.02425136006794,100.72492456972792,104.42334859921333,103.7442267466905,90.5527381229311,94.57028534662697,102.40699284725392,102.03124463334576,110.69411994907139,111.81473887039633
1117,0.0,1.0,3.0,10.0,1.0,0.01,98.83671261087781,97.55380808989035,97.49904043000056,99.75459108861743,108.48474973282539,109.03300716581279,102.80773595927366,100.68494228386793,106.35262433455394,111.80891503162582,104.90386601974471,108.70762890591281,101.28737522846063,105.32570468434068,96.72940894457223,88.36881580118136,109.13641482748231,104.89952139106808,98.52684704681145,100.75568885254708,108.37353491249944
1118,0.0,0.0,3.0,10.0,1.0,0.1,84.5130565689858,106.99801057163268,105.86373955338969,103.02680445731355,100.40255572499193,99.2460867950247,94.40398825433469,113.17879939981248,100.65092140856932,100.9442861967041,105.17351067744487,104.13358396921362,110.66554222422086,91.96318072496352,102.02531648292292,102.44924912145781,107.11520762236954,99.31227626997291,103.35449087216523,101.40453393080467,91.825526792707
1119,0.0,1.0,3.0,10.0,1.0,0.1,84.55598448413055,92.91970221681964,117.37554446965677,108.45168625229677,110.50641889621178,103.5430129836331,100.72778149512779,99.36535387980045,100.00500702802992,105.55584411313916,111.30244741699393,108.16000096163144,100.77504096046091,103.72343437919388,93.31914363088748,98.95049576917094,110.16311245634063,103.5664809645173,99.94866027863957,106.0107047637065,105.83932962779411
1120,0.0,0.0,3.0,10.0,1.0,0.25,95.8042566788516,102.57717989799265,106.34291619461085,114.93147821580219,100.78208133972865,94.43131100451949,103.98504296613663,97.65372123472235,108.29358625127138,103.15812903987398,119.8734387068209,115.06820113338162,96.34194227742157,94.48551149651722,104.88989518669851,95.99310581882719,103.73159069756565,109.73915605434398,97.4009995598357,105.49307836890058,102.1415884255808
1121,0.0,1.0,3.0,10.0,1.0,0.25,95.81268060422427,100.85512668744292,108.62772458773598,105.11771829555323,106.40396634728624,101.00767653496004,106.43951429560403,102.49078975578514,99.81986301710563,99.57548826999164,109.33409948911874,105.52567836543103,109.4079261885662,98.4416207052306,110.73526115430282,97.6696018276509,102.89033134874333,112.70191086579254,101.65069453958641,100.68042834914908,104.06185779654983
1122,0.0,0.0,3.0,10.0,1.0,0.5,96.09902897976993,100.06665803964866,105.97612842967538,103.51452628176655,100.12741808434119,103.26226355747308,109.88788243330735,95.14950366403629,107.14859933775146,109.89239840804588,97.14964894817979,103.49143208009552,104.68532014208641,107.99971821750859,91.74638753508151,112.83808661519662,100.39206706885423,107.99430550223666,100.3663761240769,95.07990655156424,109.0660674351806
1123,0.0,1.0,3.0,10.0,1.0,0.5,96.12333644452062,95.39989496495842,96.43995703465856,107.00941785545452,101.57748202327873,93.47352205416665,109.25324958350416,104.00447575344268,103.97751168519473,93.24591281357898,91.35692492837136,102.33482343496266,101.67979618430985,112.97922627304946,103.04173538075712,108.29413099999246,95.40530167914204,99.27612281286434,100.34890538119132,105.88086544618442,98.1076803661152
1124,0.0,0.0,3.0,10.0,1.0,0.75,87.45731358367686,98.72904816983,103.2662780123498,103.87362256611395,109.74872374297698,94.80471000129761,105.32166580654099,109.25816007929808,104.81977029218567,101.21129407048765,95.36943007999372,104.72301962833215,110.45262082246302,93.42981827615867,113.71369809833256,108.60618175780331,97.0748456956342,94.48826182890821,108.21990435249246,102.9048959146253,106.62750751211368
1125,0.0,1.0,3.0,10.0,1.0,0.75,87.4402098001237,105.77723288806486,98.13395760711475,91.20899763632349,106.22338229322102,112.1202289613801,112.48477509061668,103.36925975421278,107.84982469898895,106.3121596066115,91.92466932410332,99.73454487241146,97.68874580519413,103.68591662899301,104.64437345588512,103.66346980515438,100.44446142046993,97.19445756406047,95.86173527419277,99.44258475004237,104.60732768989644
1126,0.0,0.0,3.0,10.0,1.0,1.0,95.34301353338272,92.82267218119992,105.59140134573956,102.77576069801232,95.85165720975083,102.47015218185476,102.64703999241924,95.57515142371702,105.84560570921684,101.09731699413469,97.1819068481585,97.32611417391591,104.10544875290788,103.66984442095398,98.43499905157809,94.67318881489622,109.62314941265304,99.04177052601362,116.72428041920776,102.74630473058068,97.568246382158
1127,0.0,1.0,3.0,10.0,1.0,1.0,95.3428860186521,100.08946610861084,94.60023121669465,94.55739786236597,95.43202295876594,108.08822855725964,107.86966397904779,108.85886220972107,94.50601563755436,100.46930464341739,94.56143484617154,97.55756592720428,104.0477661620652,105.66313130558702,95.11459907613933,105.98104038819586,100.7075884319334,105.97928272316967,103.23405514233836,93.30603272295508,98.54628948951998
1128,0.0,0.0,3.0,10.0,5.0,0.01,96.38266822803858,100.14700059341467,105.51627802514997,103.42907214500694,102.25480737542688,92.30167626838093,104.38575919336557,108.05167340648933,97.89129455112922,91.47472187528142,108.99476657873537,93.1980694731117,101.67838299427028,93.77337790218765,101.12755690772251,105.18636453473891,100.57650651013739,104.91121407064887,97.60623142754757,90.1624957769784,102.94745402802965
1129,0.0,1.0,3.0,10.0,5.0,0.01,96.4274335399881,101.76867552340016,97.53456463726013,102.06541822278675,103.55773673164227,97.66745344435034,103.189469504082,94.62793092561112,100.32489950415156,101.61398259414247,98.55209188613182,103.91577054965808,92.26400085560438,100.50039685842981,110.61331153002986,100.87141743682602,103.002712749748,107.90189842584375,104.2496944879076,97.65984723587863,102.03558868826688
1130,0.0,0.0,3.0,10.0,5.0,0.1,94.445485306375,99.60117350939477,99.4053138703238,101.09724462817925,102.90362169309678,107.39427260044678,99.94976167455002,96.74981605982603,104.51543366173956,100.69733039047406,91.89016188017484,102.04287633294392,98.05742961387666,109.43771942844184,93.61407073456876,114.38334860872263,103.53803389116791,98.13042984782734,105.31228717602589,104.01350434535642,107.46859108218835
1131,0.0,1.0,3.0,10.0,5.0,0.1,94.44742137418922,107.35611214371659,104.57520275637987,105.94702744444697,100.919312354943,100.65854084818746,103.77946364247093,105.85382801135515,103.49593014951644,107.00673851188523,106.32632250432437,110.02527199208639,100.43768136627764,88.01073201064821,100.51813280033096,95.03206548914245,107.16353944414752,91.70775505064763,102.31868275943475,113.75129093873538,102.34128452761094
1132,0.0,0.0,3.0,10.0,5.0,0.25,98.53159396114974,111.74435947880377,106.74852316665968,103.82746043789199,107.2183459316585,108.9381366633202,109.55768865942967,106.63859162239949,98.57505479114013,104.58887113242729,104.51705919382326,98.72631653183593,118.70002614126743,99.99656787248868,99.43412955258829,105.98512433700063,102.49982175992339,93.4697725893201,101.28296871984597,101.3677833080186,98.60203741102418
1133,0.0,1.0,3.0,10.0,5.0,0.25,98.62180402220072,108.4583794203907,111.9365375829744,100.42677688309492,103.94734190367808,101.90240373961393,104.00804631540743,105.27203614439496,97.94729382559896,108.59834976008763,95.22426402896976,93.12155268904434,106.29338625859754,96.21963072710437,123.78579914431604,111.08494743007161,109.64962897127019,88.8826927763176,104.63361311398064,110.83215791119963,100.92761160657264
1134,0.0,0.0,3.0,10.0,5.0,0.5,94.6708033290895,112.95165814452555,98.83152845319243,103.31986415394748,106.62562268593213,97.14896106760958,96.50452080578428,101.96631204521906,106.8759843437565,98.6944565038926,95.15048182138284,110.55605826045587,106.17790189960473,100.61981357291762,100.53249309575625,103.86463188307191,97.24605129833537,101.44970956819617,103.17326501730344,102.79404393129518,104.26148711216088
1135,0.0,1.0,3.0,10.0,5.0,0.5,94.71344568419164,100.61523691608828,107.09743084019189,98.51620601693458,103.26464322541214,109.34102407105566,102.68615671710178,114.65777862760713,99.58377375810568,100.7828602469657,101.70784140507698,98.77172869884572,103.96227509374302,114.16517563180099,99.69503962832296,105.0700441528721,99.28612972548474,99.09827397815327,93.56134447996807,107.9145112066726,101.12095248876791
1136,0.0,0.0,3.0,10.0,5.0,0.75,94.24065591448925,102.50347456169415,102.0137549344125,99.18198933833528,100.01954230439527,102.1728633445656,110.70357453688563,101.75508920800158,113.30548902184202,100.20785783085506,107.01147022962103,104.6575049659713,102.352624313505,102.55383794770393,113.24942251351433,109.74658512840783,102.84414175314049,109.48353913429419,106.81877246589846,108.45493023071745,108.44745584437692
1137,0.0,1.0,3.0,10.0,5.0,0.75,94.28773697720669,122.01467836730113,89.37208447698814,95.66187412892113,94.74344857975215,97.00144182753459,107.32152878915942,99.98962278783574,107.39022160998518,94.08066189138357,101.44151329263563,108.0843196185192,99.14257511845703,102.89704262264476,101.02650099025075,111.08380710222363,105.50265256695562,102.7477932405009,113.37681944581135,115.4771216427132,109.61100200970974
1138,0.0,0.0,3.0,10.0,5.0,1.0,85.8743352396572,95.16173148378647,101.76074133541177,104.42729949785668,98.85330517164104,105.63322102824795,100.18417134141444,105.54893185652634,106.51162666202916,109.76039494859218,104.65346470760842,97.4387099916802,103.84181776421491,107.78997699133689,98.69753610738131,101.78830763556603,111.6798240367912,109.32366317720798,101.38474662738724,108.0470395551524,109.88709076938666
1139,0.0,1.0,3.0,10.0,5.0,1.0,85.88978483823504,102.24302905608525,114.327778278815,96.72031868508424,111.27825187697609,98.67167646957941,93.99971586513306,106.30753810347018,106.6226705541974,95.03235415940297,106.6861842546586,101.46500242704882,107.42011941581723,98.87615805873627,91.287213392895,98.00416110572901,104.82198140663856,108.29342235123175,109.9106999802964,97.47126232124843,108.55496731944454
1140,0.0,0.0,3.0,10.0,10.0,0.01,103.95821516731618,97.44474869064554,93.71230832327846,98.85479847718291,100.82801227852401,105.80846201589073,116.07906545439425,98.17753363206049,102.02107792525867,103.2298896600321,94.46151430532292,101.24534563756565,96.27719038659296,98.52966647750475,103.8935215502893,95.86946229608837,108.41571929041208,105.29547921056245,101.06133015718805,104.0035963276957,103.86936821259181
1141,0.0,1.0,3.0,10.0,10.0,0.01,103.96838056627882,93.79767311459157,104.08287391457048,105.74694227843098,96.6947646751629,106.55147484106519,101.24099569385298,105.14993286733076,108.44721837969932,96.67202698897816,104.92878807786424,96.44446980168293,104.06538441169697,100.16069658118663,98.07221438044154,96.06106496417371,97.53152561026485,112.95146754832565,97.7793188811864,106.12023912189312,102.4614172417444
1142,0.0,0.0,3.0,10.0,10.0,0.1,88.84430089146619,102.39840119774522,110.8708260492566,101.5358742232579,107.44933314817317,109.90436183716909,109.28417892717363,112.94171633071683,98.86459548442522,107.32486788453679,106.77431428628569,100.27183233339117,105.50984560741202,101.4235937785624,100.4628924446057,101.78039626519178,97.78419676689711,101.46250674643156,102.33647549247944,99.74375174642539,105.03742082188066
1143,0.0,1.0,3.0,10.0,10.0,0.1,88.85532418519412,105.16948220258578,92.9845263332079,101.67847860245419,109.91469077070283,113.98064021092192,101.38708871834883,111.14863942281707,102.78321210243305,102.25382784273167,95.1379260912418,97.2009942773717,95.74589133486309,104.78469411834634,89.9478985145117,105.29029642219479,101.69575149726485,109.55237579158323,105.40703757369481,101.60641421547984,105.50260107974773
1144,0.0,0.0,3.0,10.0,10.0,0.25,99.62647522137404,102.0372085536008,107.05346953188884,111.81140777576864,97.41768627360291,98.7906292789257,104.63124461568711,98.20425957957997,100.75956192211862,97.49460323390598,108.02898405931771,99.90952204561925,111.62925258669972,102.36134094347837,91.82080535970651,100.70997508945023,112.73716385110922,109.91637575760204,103.52152842446482,101.66686217715257,101.01348901649789
1145,0.0,1.0,3.0,10.0,10.0,0.25,99.70221713489569,110.62560160352429,106.9434054824401,113.17622948909153,104.60798256481574,100.43976162276365,112.00911993211575,104.04192197073066,100.7940133731811,103.77331719142906,111.17526724878034,101.95808530985633,100.04446941867792,101.02337701388937,106.3995386913658,95.10637652303302,104.82680351834907,110.5080478000377,103.69768619243277,110.11906239408182,97.29936366379782
1146,0.0,0.0,3.0,10.0,10.0,0.5,88.28808973156487,103.80467217222322,108.23230247743516,103.32589319696879,110.72861769937742,101.62359408901253,107.28107404829196,103.34109182313411,100.41149804180635,109.14870011942827,101.49829114488094,88.46288575299297,113.75294278861043,106.46641347017652,106.45081834895986,94.63063407686298,103.26253197927319,118.09555779113951,97.45380813151861,101.50332029389189,105.8190907123159
1147,0.0,1.0,3.0,10.0,10.0,0.5,88.34685425919744,113.95468908729958,102.17949613048046,94.21518921484319,98.30563518989165,104.7601351743256,98.6833109141945,99.73535152342319,108.87829140445015,101.21225149210284,102.11752191989478,98.0371807482596,94.46846532430527,105.01398078154149,88.06055509453886,98.63888572687043,102.02705547403457,102.38568507535365,105.28032711531878,98.6456244379591,103.09144119423294
1148,0.0,0.0,3.0,10.0,10.0,0.75,97.56758732822351,99.61935183430683,107.4014391993073,104.9379764302962,94.96889947005556,94.28428293359391,96.97940018461856,93.11150400494732,109.64948695672093,94.3406153847293,105.60807077311205,107.84043834494041,97.75644115598409,101.25445313085227,119.81404589181587,105.01042471664444,97.50107160719801,105.5599806431486,110.54805433244472,100.62048573845951,100.47044710938295
1149,0.0,1.0,3.0,10.0,10.0,0.75,97.58219400726246,98.23680423522858,104.938425793261,104.17860256499225,109.82925353046022,111.68257476961179,107.15534846687721,102.66196662508187,99.21974403084417,97.2231695435918,108.46585634303656,93.09084853317184,101.31122137746262,105.91041592341011,98.11448130535378,111.7479069927779,106.85945102136522,98.38548105429744,105.97169790574098,108.32655808340017,96.64197771680641
1150,0.0,0.0,3.0,10.0,10.0,1.0,93.39570188775542,104.8184384547473,109.84948239642569,96.94294281234264,89.33687289655376,88.83640792765833,109.54533304217551,107.12832823037543,98.85277023560268,99.5963520186032,99.81599307298721,105.33051777011993,95.37480603496873,105.58877869916986,107.92770363145215,99.7420148758562,103.00356284366185,98.3587122337248,98.46194967705034,111.87657680005911,101.0452556324716
1151,0.0,1.0,3.0,10.0,10.0,1.0,93.45084097705846,108.08235805333123,104.2402272350631,98.02293110787402,99.76413585673245,108.44263529658471,94.79761445500823,96.37331160241419,107.32968758306292,109.36998231621878,99.8399913243135,111.38774383321446,104.49797997503421,99.63562368752511,101.41894666399837,102.39411489728491,100.83613126673731,118.01840712194159,108.46429570835181,115.42121587442719,106.88245574159687
1152,0.0,0.0,4.0,0.01,0.1,0.01,0.00011198429251403515,0.00011670904154531039,0.00011140132587727028,0.00012163228725663257,0.00011313241649968035,0.0001192547948302678,0.00011270005727010133,0.00012552777379549223,0.0001231786199867146,0.0001084538456061583,0.00013197065827511166,0.00011557823955903012,0.00011611770471338639,0.00011542848639734991,0.00012110757511044823,0.00012448134823593476,0.00011581406054147278,0.00011920416594390035,0.00011017641399831807,0.0001167198101211795,0.00010883994267520758
1153,0.0,1.0,4.0,0.01,0.1,0.01,0.00011201404772570416,0.00011611139843407912,0.0001185682773761934,0.00012351424649902182,0.00011205390517710319,0.00011691098947844919,0.00011052501210901982,0.00011720183161797304,0.00010461414279437147,0.00011213141651205918,0.00011259172590012348,0.0001233852590034699,0.00012207719990463902,0.0001165039582611607,0.00012195821128426225,0.00011339595815093446,0.00011190377009670955,0.00010325328528876124,0.00012281526271635182,0.00012040061628529789,0.00011585885412834816
1154,0.0,0.0,4.0,0.01,0.1,0.1,9.975464137415555e-05,0.00010220870368741775,0.00010944508213654954,0.00010812179095574206,0.00011081589357377952,0.00011182232705635655,0.00011040173447594011,0.00011796561383246924,0.00011238584856306204,0.00010148749488374805,0.00011490088535112695,0.00012140409275180155,0.00011464737330431011,0.00010942618801638032,0.00011022047146274066,0.00010313385179899113,0.00010780642674534122,9.918174226350058e-05,0.00010790198232406028,0.0001015858203248515,0.00010537901127500253
1155,0.0,1.0,4.0,0.01,0.1,0.1,9.979103663815714e-05,0.00010639609303263256,0.00010916059005747774,0.00010828269068991836,0.00011125169217710121,0.00011468779671569436,0.00010577707689289318,0.00012082498153336898,0.00010935938462809411,0.00011471072459858585,0.000113895393351615,0.00011289667508501164,0.00011784778452512967,0.00010523156500527637,0.00010710032651015886,0.00010758850703032654,0.00010613863140414921,0.0001080217187546193,0.000109684328177443,9.671902358842323e-05,0.00010224746465699685
1156,0.0,0.0,4.0,0.01,0.1,0.25,8.643075019623433e-05,0.0001093895033228807,0.00010355857943204892,9.963115948492023e-05,0.0001118372444697573,0.00010272141061866336,0.00011584927494273558,0.00010652601858524375,0.00011012126014557702,0.00011500746897320236,0.00011357729950024859,0.00010953314422553079,0.00011184645746571621,9.991933238193808e-05,0.00010167256693364551,0.00010616171839556172,0.00010428725906449512,0.00010032261851311915,0.0001153889033779159,0.00012203794219766784,0.0001023639104521039
1157,0.0,1.0,4.0,0.01,0.1,0.25,8.64719841459521e-05,0.00010449943380675628,0.00012187746972135418,9.800378027255011e-05,0.0001054375504213936,0.00011316244977870182,0.00010286684428705044,0.00010526716902219311,0.00010255458629377203,0.00010217220989287399,0.00011160773607097081,0.00011262006793032833,0.0001115638201098704,0.00011381222926325214,0.00010870533691248706,0.00010830679394659508,0.00010812364068718887,0.0001195601216565874,0.0001058069421234205,0.0001046985955709526,0.00010316983505344992
1158,0.0,0.0,4.0,0.01,0.1,0.5,0.00010361702349063848,0.00010952685011176186,9.621072431909868e-05,0.00010207564926755416,0.00010551199773180757,9.810286123673624e-05,0.00010692498966136715,0.00010708121141269356,0.00010237626954249862,0.00010253513256295332,9.303139772091318e-05,0.0001016743188759446,0.00010771684225235938,0.00010998571678620905,0.00010199631279436539,0.0001097359065004349,9.320066279374041e-05,0.00010885258428532542,9.586744234853292e-05,0.00010564387639795103,0.00011338005347053006
1159,0.0,1.0,4.0,0.01,0.1,0.5,0.00010366262413980556,0.0001036686020090848,0.00011802293684703357,0.00010426090230851388,0.00010904337519726584,0.00010378526716878458,0.0001052331885460414,0.00011431544847364534,0.00010145375594973614,9.239767007753213e-05,0.00010243198235233333,9.480137755764941e-05,0.0001044920790141104,0.00011868022970887781,0.00010260155016366048,9.900172202424688e-05,9.422403575657645e-05,0.00010312504676305308,0.00011532826792098305,0.00010394993601451059,0.0001124797311128971
1160,0.0,0.0,4.0,0.01,0.1,0.75,8.650750248319343e-05,9.906205868929714e-05,0.00011229617517092475,9.927312756977214e-05,0.00011124391119415154,0.00010265593929060435,9.071654840396628e-05,9.386104576553078e-05,0.00010074155138471668,0.00010471507447907093,8.859274166796399e-05,0.00010120278111126729,0.00010749027310120742,0.00010257571060576722,0.00010739780061594408,9.653916224625562e-05,0.00010105242552344089,0.00010349971388796341,0.00010531840443291778,0.00010481701529933906,0.00011087678685715838
1161,0.0,1.0,4.0,0.01,0.1,0.75,8.655939817747853e-05,9.588361203475872e-05,9.73684767797492e-05,0.00010213891632136476,0.0001049871309819929,0.00010064504093411983,0.00010231113184501807,9.472005165978546e-05,9.853250234851925e-05,0.00010582649146196954,9.579608005257782e-05,9.58358135502482e-05,0.00010066738529955756,9.599631179677165e-05,0.00010319551693718374,0.00010933096162043463,9.840630698213054e-05,0.00010927904323515041,9.764775572956599e-05,9.666472862810849e-05,0.00010287246137420199
1162,0.0,0.0,4.0,0.01,0.1,1.0,7.770777599634553e-05,0.00010456483306827724,9.25743111255599e-05,0.00010499325890920013,0.0001013144114573008,0.00010356047996532167,0.0001042006774529787,9.841526341470061e-05,9.671199596145166e-05,0.0001052091066591152,9.531801746845454e-05,0.00010393883635135306,0.00010213725818506458,0.00010184124449689586,0.00010144171993863023,9.394472370742406e-05,9.962645071803528e-05,9.558257075301068e-05,0.00010143093434142808,0.00010696773983463483,9.647559771191836e-05
1163,0.0,1.0,4.0,0.01,0.1,1.0,7.774555972206797e-05,0.00010464468730592484,0.00010493283914652878,0.00010574645793167252,9.51492186883703e-05,0.0001065257284505688,0.00010819787468898705,9.240147268573613e-05,0.0001055386723208025,9.47843678215224e-05,0.00010985530726063548,0.00010462824767066748,9.813714101908988e-05,0.00010555348802829872,0.00010090206905995451,0.00010141545416772244,0.00010308151284844127,0.00010933790587013112,0.00010069692052909362,9.39953855082844e-05,0.00010347702792234656
1164,0.0,0.0,4.0,0.01,1.0,0.01,0.0015227403366572531,0.0014577473394145528,0.0015069682553367698,0.0014566836290566788,0.0014783405467655246,0.0014596450639393335,0.0015031550781637944,0.0015225161489562347,0.001521140340892111,0.001489149637118558,0.001496644307889263,0.0015114625835317488,0.0014780402858063767,0.001535573813321575,0.0015059273578954028,0.0015044672439025917,0.0014596954326052038,0.0015277335282614837,0.0015313416947341303,0.00150368293627855,0.0015172757005342862
1165,0.0,1.0,4.0,0.01,1.0,0.01,0.0015229648016980572,0.0015342140096093859,0.0014894095855791612,0.0014622613955179453,0.001460464828582827,0.0015199698601957104,0.0015586192930135284,0.0014762165729720346,0.0014736576985518537,0.0014808817819632833,0.0014977617976107264,0.001506009251070401,0.001476764123063873,0.0014408756777776932,0.001511152272441552,0.0015160168989409577,0.0014679498417853448,0.0014845132737420213,0.0015001586035166214,0.0015208061532277076,0.0014969156222864495
1166,0.0,0.0,4.0,0.01,1.0,0.1,0.0009378945896685083,0.0009756426179338625,0.0009687734786221009,0.0009885184236527128,0.0009809456199154332,0.0009872601659319641,0.0009571142120459454,0.0009663778621109754,0.0009662174322760565,0.0009660879094455268,0.0009879706066769313,0.0009652919193640663,0.0009919142528269746,0.0009853971177368344,0.0009904252710042298,0.0009672328548313669,0.0010059158516212776,0.0010159399211382089,0.0009833599928197067,0.0010339938183963418,0.0009582589544451838
1167,0.0,1.0,4.0,0.01,1.0,0.1,0.0009382064117847939,0.0010038239349149933,0.0010148098298572656,0.0009986827110939362,0.0010148551644795646,0.0009606382587777221,0.0009604238357612001,0.000986739500189308,0.0009725992544853488,0.0009967616078798715,0.000944192081428666,0.001003229245450496,0.0010039043752683374,0.0010008627545618743,0.0009590013151783764,0.0009531867148753813,0.0009426364809972043,0.0009573300683375393,0.0009889092086296071,0.0010158687991233093,0.0009981532786090851
1168,0.0,0.0,4.0,0.01,1.0,0.25,0.0004865001541466382,0.0005490635948919267,0.0005390863900852509,0.0005346929265495241,0.0005215106046474037,0.0005443965331701115,0.0005034437021712011,0.0005016444245028518,0.0005245706770496982,0.0005416486111606176,0.0005005571483998369,0.0005138447341074899,0.0004933554730022602,0.0005434807434736282,0.0005119364939775086,0.000501244999424527,0.0005286559473716444,0.0005304781035009571,0.0004775071147790882,0.0005395039479898016,0.0005634804608143609
1169,0.0,1.0,4.0,0.01,1.0,0.25,0.00048659478418554264,0.0005059210001232317,0.0005413119437962647,0.0005370451577411189,0.0005413660235265676,0.0004951448483514915,0.0005331057768566347,0.0005418039519851579,0.0005173573943459681,0.0005402394791068038,0.0005113830901932248,0.0005274422070836133,0.0005200958058187258,0.0005216249635702536,0.000582703546183108,0.0005117549566752299,0.0005151830556808344,0.0005060627335416769,0.0005516158278055154,0.0004999190339499632,0.0005409492266641303
1170,0.0,0.0,4.0,0.01,1.0,0.5,0.00021120552602323382,0.00022546367778486837,0.00021610265171859196,0.0002207383308830405,0.0002219429414621361,0.00021385302892688393,0.00023552642630734599,0.00020559653981416367,0.00021825551122397346,0.00022759640454087426,0.00021679621825673338,0.00023162666918581144,0.00023381394398018482,0.00022004601836767232,0.00022542211931161912,0.00022172643531977957,0.00025154741020036193,0.00022307738168875506,0.00021636638291538173,0.00023536746237210675,0.00022147430379252614
1171,0.0,1.0,4.0,0.01,1.0,0.5,0.00021111805743162266,0.0002354908406420571,0.00022386938912857045,0.00021744389176918074,0.00022130198163639996,0.00022553909504498235,0.00020794714540315606,0.00021767999322394607,0.00021696082408283415,0.00023146029356673744,0.0002210104834206186,0.00022671774437806662,0.00020754052561933092,0.00024195149111587137,0.0002111509036110296,0.00023621907802630958,0.00023386348355321153,0.00022367576161863364,0.00021455268253547967,0.00021230380721170948,0.00020332180872089585
1172,0.0,0.0,4.0,0.01,1.0,0.75,0.0001391934101358296,0.000147155000919544,0.00014753654218398513,0.00014189028331905584,0.0001353480538335734,0.0001359542136448345,0.00014273137037665456,0.00014307629215401095,0.00013851268184503058,0.00013732245973943188,0.00014850868518811607,0.00014863450518877737,0.00013650680388332807,0.000133417756515572,0.00013552915709177685,0.0001463424900002623,0.0001229034693135494,0.0001373568411595651,0.00013150233952094156,0.00014846929249092499,0.00012604093910250234
1173,0.0,1.0,4.0,0.01,1.0,0.75,0.00013915753093700784,0.0001520653156640439,0.00013192412256981994,0.0001398997241624091,0.00014347080127137982,0.00012881219661592307,0.00015283612964112384,0.00012930046668705567,0.00013249374235035298,0.00015214178534773715,0.00013639194937871554,0.00013310176744760335,0.0001308622752742822,0.0001398867799522699,0.00013649560943992494,0.0001496815939043899,0.0001263577919289512,0.00014179282458235326,0.000155839146286591,0.00014185850716404147,0.00012649091834623672
1174,0.0,0.0,4.0,0.01,1.0,1.0,0.00010189690918034611,0.00010892470990188512,0.00011749430126832939,0.00010994782944529847,0.00011572284413342695,0.00012201838623230033,0.00011775283143532386,0.00011324026785671557,0.00010545954990212947,0.00011722854414006345,0.000113275904610384,0.00010695709581999659,0.0001046240464755168,0.00011310481366955614,0.00010129553328796852,0.00010346163605809686,0.00011590222986987584,0.00011198209408981934,0.0001077227296373455,0.00010985627457955331,0.00010901362503048704
1175,0.0,1.0,4.0,0.01,1.0,1.0,0.0001019769248142484,0.00011892827778414754,0.00011220294478424657,0.00011241959265184895,0.00010729492915478845,0.0001078644941522239,0.0001109653708541543,0.0001173597662079932,0.00011563719811616555,0.0001117084823633689,0.00010812406403196393,0.00010850486083921744,0.00011938725257665366,0.0001083511545792123,0.00011410154093889213,0.00012657692316924704,0.00011970325565282615,0.00010674748949104118,0.00011824306704683977,0.00011410752816245581,0.00010763411387951693
1176,0.0,0.0,4.0,0.01,5.0,0.01,0.03523553620668085,0.03561261124471239,0.035228372207641113,0.035523933130642636,0.0354833547100975,0.03527156555980608,0.03500218522620855,0.035220251860415455,0.03538981470872691,0.03529964554961146,0.035307834349062844,0.03544087310461367,0.035334610779423056,0.03503447588621414,0.035346314754426976,0.03528021446527397,0.03552961918041084,0.03522409254081653,0.03538578707396938,0.035045356290382246,0.03553023498023856
1177,0.0,1.0,4.0,0.01,5.0,0.01,0.03522777692216879,0.03499445683796701,0.035559051611614316,0.03536629144777478,0.03500978837908097,0.03507917710981166,0.03542825551817158,0.03514824820101552,0.0351323449472736,0.03556976709979516,0.03539658789539679,0.035411254351435786,0.035390263055557765,0.035529493817914704,0.03498314930989711,0.035269387722734996,0.03518356004228019,0.03542099192180442,0.03539920387258241,0.035263077584132906,0.03536781105310563
1178,0.0,0.0,4.0,0.01,5.0,0.1,0.02246795811754504,0.022490721442295053,0.02252455956457344,0.02246548550469114,0.022602354542339758,0.022435220026764003,0.02234263370736315,0.0223451274633722,0.02229909355461246,0.02242231352162421,0.022330027259932758,0.022449424070557007,0.02243095278012952,0.022386355632084128,0.022247179480036613,0.022305427370318476,0.022538647652740832,0.02244766276710784,0.02247406739327024,0.02241787430929223,0.02255514310927901
1179,0.0,1.0,4.0,0.01,5.0,0.1,0.022467199902438197,0.022370596616308608,0.022669226163529704,0.022596363469264674,0.022521614393219154,0.022460292729366685,0.022652594359706364,0.02231100119943506,0.022401421529938056,0.022350378168722807,0.02237212748138473,0.022428855649046956,0.022466705227568433,0.022314450489414474,0.02243347656654564,0.02238772814654668,0.02241224214940302,0.022461496493673853,0.02251900338886566,0.02258216424019805,0.022398016563325997
1180,0.0,0.0,4.0,0.01,5.0,0.25,0.010486518101972262,0.010509076983359443,0.01053739043993483,0.010588391284266824,0.010441373956997723,0.010372459057615213,0.010475985131397707,0.01059223466319409,0.01047844361530207,0.01066908530429144,0.010595733619684827,0.010520785400465237,0.010497690059100336,0.010348983670975203,0.010504930518583276,0.010511617205773285,0.010417642642295798,0.010462202666330208,0.010550486176071423,0.010644737852145363,0.010501992471780212
1181,0.0,1.0,4.0,0.01,5.0,0.25,0.010493155667799858,0.010418286519817075,0.01041952265942814,0.010500653694559445,0.010573223804118586,0.0105267520499249,0.010639580006305546,0.01071204475402753,0.010517135965638124,0.010577573966965964,0.010473239131273232,0.010563028037986859,0.010598748688281808,0.010513275241570636,0.01060835783376265,0.010573946746334162,0.010527112429801824,0.01065488998742157,0.010597551009606257,0.010558612319374706,0.010640587907857223
1182,0.0,0.0,4.0,0.01,5.0,0.5,0.0030875912815197084,0.003098986115710926,0.0030735322898587645,0.003118943618034967,0.003147131918904257,0.00311113381385622,0.0031176473257823537,0.0031612615744827585,0.0031040739208769087,0.0031145349994796375,0.003021368660401074,0.00315066718984866,0.0031526261998568957,0.003140285833617118,0.0030547493056856676,0.003028092227444976,0.003077305566010268,0.0030335307388067697,0.0031314861300211607,0.0031380433913132067,0.003121996565239621
1183,0.0,1.0,4.0,0.01,5.0,0.5,0.003085086981592414,0.0030713947797699303,0.003099960398577252,0.0031213526731474757,0.0030395200692494985,0.0031790694094254823,0.0030724018755429947,0.0030621114021813214,0.0031510090463579823,0.0030949747467424412,0.0031082672904769334,0.0031256654905794878,0.0031688194043858003,0.003102020360227337,0.0030715197227864244,0.0031343035537238144,0.0030252764257964505,0.0031480290158353557,0.0030821610975833753,0.0030657678626623934,0.0031349435217171147
1184,0.0,0.0,4.0,0.01,5.0,0.75,0.0010315693338247673,0.00101003131151615,0.0010075560596469182,0.001042985503038818,0.0010607228918330658,0.0009538980324756462,0.0010164747041099794,0.0009947884054003668,0.0009994526332149035,0.0009702250180066095,0.000979348699237941,0.0009878550524573954,0.000962653479605161,0.0010285388030378425,0.0009802058066351311,0.000988111542353155,0.0009985284439119721,0.001035026898521741,0.000958253172940899,0.0010085234856902477,0.0009821491073733221
1185,0.0,1.0,4.0,0.01,5.0,0.75,0.0010311950837281938,0.0009946240421010476,0.000987213547976762,0.0009898026154848993,0.000980128514499565,0.0010079208377457441,0.001005675359737463,0.0010261866681655519,0.0010119399949119843,0.0009904129070567608,0.000996644433604889,0.0009581912294279754,0.0010258708903040999,0.0010061194607404694,0.0009687995512001252,0.00101176320408445,0.0010331382193337956,0.0009975347834039422,0.0009901472074455863,0.000984586774014592,0.0009794840378878108
1186,0.0,0.0,4.0,0.01,5.0,1.0,0.00034560746176637844,0.0003823547049985756,0.00035178178059491397,0.00035774705537664983,0.0003597731370188173,0.000355327203002879,0.0003724369232016529,0.0003497898802996311,0.000376190776531892,0.00035516094796861613,0.0003423104953520587,0.00033605190538589497,0.00035208825614813744,0.0003477817983868865,0.00035106620306098185,0.00035594684122922755,0.0003703828975146316,0.00034604212802343746,0.000332396298454696,0.00035334307083095275,0.0003513411420748387
1187,0.0,1.0,4.0,0.01,5.0,1.0,0.00034612893025054794,0.000398140623836468,0.00035873488904053144,0.0003586090901682644,0.0003921819906901128,0.0003801348551920672,0.0003491234469832607,0.00035394813335871706,0.00036294867784057364,0.00035787964613879565,0.00036436728860447294,0.00036837422660349414,0.00035314443733364494,0.0003169741467289694,0.0003494138734654355,0.00036137714647335506,0.0003681934255738446,0.00034757999817699694,0.0003715676579572808,0.00033893059349657484,0.0003670746306631953
1188,0.0,0.0,4.0,0.01,10.0,0.01,0.14073002682004007,0.1410214451242529,0.14023746541965693,0.1409163035050577,0.1405460850241357,0.14065204437175108,0.14037718654742562,0.14096356023006607,0.1404066403291391,0.14040302454276526,0.140458389110037,0.14079221915152393,0.14042931158367178,0.14026022126978277,0.1405105250202614,0.14095204213117127,0.14068284394165634,0.1405561681091585,0.14071680304006248,0.1410067227869027,0.14089541455265928
1189,0.0,1.0,4.0,0.01,10.0,0.01,0.140756867079316,0.14102077016099082,0.14087196114589287,0.1402929794915636,0.14068985841237677,0.14117273619688503,0.1412799125929585,0.14036775236852064,0.14086656097249592,0.1412162449024902,0.14074427378940732,0.14047183126176851,0.14076693733980122,0.14091337408438215,0.1408366850075523,0.1405101233671538,0.14129156053401498,0.14062502616025369,0.14115421330763742,0.14053668065296937,0.14011045396556487
1190,0.0,0.0,4.0,0.01,10.0,0.1,0.08851663484969094,0.08784797862841268,0.08863932657115624,0.08821188742436283,0.08852921100848699,0.08828362708527057,0.08823386142037784,0.08797268906277739,0.08788175664688538,0.08780105879085484,0.08789854947496678,0.08826446883919369,0.08803674851724311,0.08869544875262143,0.08800575332358321,0.08843309352950468,0.08813466471398122,0.08831654739631278,0.08807164794930779,0.08849904755796649,0.08791048120784578
1191,0.0,1.0,4.0,0.01,10.0,0.1,0.08857934787416041,0.08783020005199305,0.08859257591889763,0.08832431175878208,0.08829393898135365,0.08790296565387892,0.08782683536008015,0.0887111559850937,0.0883335885287136,0.08835797376986412,0.08836232355816583,0.08773118131783417,0.08786582943264525,0.08812418073441738,0.08820704556292064,0.08796822979959201,0.08798315119375738,0.0880415839007778,0.08855535093898442,0.08816699494274667,0.08841931555724843
1192,0.0,0.0,4.0,0.01,10.0,0.25,0.041959495738423856,0.04188805563872013,0.04201626438884544,0.042102592823734256,0.042067277047167964,0.041838370653797086,0.04173638490961945,0.04191161037137787,0.0419668515869951,0.0419252927396275,0.04217598714276899,0.042181695373026365,0.04211033420154764,0.042124957268478036,0.04200506875101259,0.04230694367656627,0.04202944298351805,0.04189934282420262,0.04199919720131905,0.04168857251245263,0.041626508889339726
1193,0.0,1.0,4.0,0.01,10.0,0.25,0.04197533984273541,0.04193490935675202,0.041922557433073576,0.04181517372373188,0.04190425438932161,0.041932830645639345,0.04212348159453961,0.042054001263207144,0.04207440477412222,0.04175055924826579,0.04207943912261259,0.0420876574279164,0.042381542109874125,0.04185066819734264,0.042035160221208845,0.042271115997638935,0.042045838662267375,0.042024151036212064,0.04194794815930725,0.04182132868710134,0.04197759708757691
1194,0.0,0.0,4.0,0.01,10.0,0.5,0.012205013172769844,0.012256749395855263,0.012155638477296166,0.012115618544345834,0.012056905768910716,0.012143462133439656,0.012028505681085759,0.012071216065800132,0.012143281100042333,0.011951120369377642,0.01217908880637936,0.0120420807973484,0.012108421630409491,0.01221626791357161,0.01219297682006257,0.012171379667922713,0.01208057531011453,0.012169451876912044,0.01221060128714521,0.012010702531960368,0.01219262266088437
1195,0.0,1.0,4.0,0.01,10.0,0.5,0.012207803811436272,0.012145168502216834,0.012115862413220959,0.012067004921285172,0.012170938085016503,0.012120234465635616,0.012188933602706781,0.012270187406613977,0.01204410862404255,0.012188937600857638,0.01208389549182051,0.012185269557885065,0.012138595551653461,0.012131280468116663,0.01226871041591392,0.01212619710435848,0.012114882826045502,0.012164720674862876,0.012285702651466167,0.012122093136669272,0.012154159307683245
1196,0.0,0.0,4.0,0.01,10.0,0.75,0.0035763084826704833,0.0036759566097645277,0.0036384214995108534,0.0036264346390004975,0.003614832433426946,0.0036508010214990633,0.003650625024043704,0.003648572558852331,0.003600921924303726,0.0036834607464894353,0.0036655983095379456,0.003613345004417643,0.0037069756999946156,0.0036966776194906617,0.003799274171907807,0.003591177139570749,0.0036736263302632353,0.003582170242709202,0.003664164583085295,0.0036959419141157413,0.0037211773038232877
1197,0.0,1.0,4.0,0.01,10.0,0.75,0.003576193756186477,0.0037330135037762567,0.0036856385887965642,0.0037126440462230347,0.0036345197218698544,0.003698881847184591,0.0035239283343466423,0.0036184061191067785,0.0036596503742488806,0.0036928278100744507,0.00365358325799468,0.0037541026804157945,0.003657280788663997,0.0036999065396415703,0.0036220192729024894,0.003661743915323762,0.003600677058598803,0.0036486897658864832,0.0036674849533160484,0.0036248835037227694,0.003640139098974498
1198,0.0,0.0,4.0,0.01,10.0,1.0,0.0011201984733106172,0.0012035777322431693,0.0011825365749159357,0.0012091247105035828,0.0012065828545065032,0.0012005803469920544,0.001173358172473263,0.0012083396902859253,0.0011622494554713342,0.0011620423635369012,0.0011291639059582339,0.001142596062675707,0.0012242200838067478,0.0011489677369014536,0.0012037213470272522,0.0011751431852396594,0.001222569582072179,0.0012031597213735623,0.0011910080456812508,0.0011873083136444947,0.0011327714628287403
1199,0.0,1.0,4.0,0.01,10.0,1.0,0.001118051713500578,0.0011673709223005422,0.001159563175070761,0.0011934543944895938,0.001193952145978605,0.001196284974984166,0.0012035878323459173,0.001153435754242666,0.0011840231732035687,0.0012607756028435186,0.0011671206862289673,0.0012030709537719033,0.0011983638713931042,0.0011101879993954573,0.0011779563097842891,0.001130412164555984,0.00115267321197299,0.0011461974016489006,0.001216092005613414,0.0012314837913876542,0.001215261021710593
1200,0.0,0.0,4.0,0.1,0.1,0.01,0.009354076830754338,0.008859334325029083,0.009794476104262076,0.008768569946341509,0.010458473135019008,0.009901933588569877,0.012044539689765585,0.009550490554429655,0.00959329811651672,0.011086746023573096,0.008651142726201726,0.009324810510684605,0.01070235381034808,0.00924345484523172,0.01116379708140095,0.010381678973277497,0.009810243132105493,0.009934902274438284,0.009894184796136006,0.01014623844545798,0.010422321371736857
1201,0.0,1.0,4.0,0.1,0.1,0.01,0.009352545449626926,0.010357973985764978,0.010074210619336417,0.00982380504582679,0.009344269061616811,0.010418364179675692,0.010783322098464148,0.009063329523291697,0.009453560642175854,0.010111020732802163,0.010227944580658364,0.010588481303596955,0.01160562660724703,0.010498237773407732,0.010951201424577721,0.010093434200017166,0.010560490603287306,0.01043035978355807,0.009588311468682977,0.00914742899925674,0.009476659541231806
1202,0.0,0.0,4.0,0.1,0.1,0.1,0.00878093723740763,0.009785291054150687,0.011031685575101209,0.010271078301289722,0.010687664385117184,0.01002501055425312,0.009870695056144671,0.011177474524174133,0.010733539634518126,0.009696315119997337,0.009077292122858821,0.010421923371271766,0.010068132386203505,0.01029532299896971,0.00957785439206043,0.009486442646116472,0.010437550366372925,0.009465571437121458,0.01076648147696719,0.0102394888239903,0.009301665166660365
1203,0.0,1.0,4.0,0.1,0.1,0.1,0.008782189878768292,0.01052396165466376,0.0105092310572875,0.01072210789341567,0.00988878724338438,0.010230258031000637,0.00979072950409142,0.010212144725308193,0.01021873806288465,0.009484276125036306,0.010621765870509543,0.010524356635774848,0.01058650292630434,0.010562242268262731,0.010113802434132657,0.009730626840929006,0.009807573108331727,0.009673141217417646,0.009639947482622346,0.010593032592181799,0.009897458222174745
1204,0.0,0.0,4.0,0.1,0.1,0.25,0.009025946357711288,0.010639410391487913,0.011029841866613833,0.009074576177779422,0.009602428316326454,0.010113939130511417,0.011219794609703336,0.009413905781697839,0.010303032398616508,0.009943113448509698,0.011075786617045936,0.009375159681064116,0.010694152604657349,0.010818753253254534,0.011009970674238277,0.010799449150000884,0.010130387766995095,0.008550616115833054,0.011557788678762889,0.009574929373173995,0.010266717894351891
1205,0.0,1.0,4.0,0.1,0.1,0.25,0.00903323875676031,0.01103887681126648,0.010478278192780788,0.010132081052088529,0.009278487391500459,0.0095834098428883,0.00998661007993114,0.009794150771535112,0.01013382279131639,0.010450000109825663,0.0091739177266256,0.00913303773780373,0.00983938373843847,0.009950049224497106,0.010043303913842725,0.011135078772043375,0.011272838256223862,0.010350580979863837,0.009902983960726326,0.011242022713267954,0.009004027587995631
1206,0.0,0.0,4.0,0.1,0.1,0.5,0.009216323113213801,0.009665539257903923,0.010070179789288824,0.009942532250705943,0.010387187482406256,0.009841661031729527,0.009734739692439785,0.010344969501790573,0.010261105560943498,0.01026928343253648,0.00950934432714628,0.010408589595315744,0.01013893097549421,0.010049548535038144,0.009087516609198917,0.010365721471706151,0.008907524987080584,0.010425019463572325,0.010843699483607638,0.009584173166884882,0.010838564894744284
1207,0.0,1.0,4.0,0.1,0.1,0.5,0.009215802203089807,0.009714855412906053,0.00919051831067321,0.008996125403040454,0.00968470025146706,0.011571570339106902,0.011701379000411138,0.010454559360123973,0.011086961270964297,0.010173807258866512,0.010764188371823946,0.010564310266382524,0.010164334818442287,0.009212471565746389,0.01040640347707946,0.01092032273608677,0.009945342629292796,0.009983609216810782,0.01034140347334041,0.009412343116221623,0.010590164763237972
1208,0.0,0.0,4.0,0.1,0.1,0.75,0.008686527146706705,0.00977409148785414,0.01122753653741132,0.010920941097020484,0.009760007043765095,0.01020355053083931,0.010474664611131572,0.01060520403253051,0.010696660330287789,0.009718482819885165,0.009204626024154398,0.009274433069718657,0.010028333978581825,0.010528417178105272,0.009820607372212114,0.010031172779190458,0.011241141659592653,0.009649936324710076,0.010317325862261632,0.010005942413827733,0.010113144385874347
1209,0.0,1.0,4.0,0.1,0.1,0.75,0.008690534934785962,0.01001602698788071,0.009809864708811853,0.009582930700230799,0.010424551111333096,0.01175597401671454,0.00966352300389031,0.010514696777552969,0.0105083423643044,0.009581566138191309,0.010363133352606684,0.009098341523968772,0.010914915267431368,0.009479039278126324,0.00986906629088988,0.01012096480396661,0.010235449337385646,0.009253500393219233,0.00938426023197708,0.010193878687234812,0.009797378733902823
1210,0.0,0.0,4.0,0.1,0.1,1.0,0.01004724454148548,0.008923894712755903,0.010141482851972004,0.010440786328382847,0.009696363935724124,0.010337422600731548,0.010296518604647127,0.009940671715133123,0.010274493631560763,0.010350689625128083,0.009940915287869547,0.010545351231088336,0.010387302494939202,0.009789729028292839,0.01031224195467394,0.010720543906644873,0.010059252602832051,0.01111024733538047,0.009489857517597924,0.0106920099582092,0.010677796942757303
1211,0.0,1.0,4.0,0.1,0.1,1.0,0.010048097648589884,0.010201066033751028,0.01017002970682195,0.010545196442652236,0.010453067369415456,0.010405153638363293,0.01029658896260052,0.01050554499416679,0.009608197660114157,0.009299587482052231,0.009454225618024838,0.009340804566864523,0.010212752463722776,0.009491583671060998,0.010182329369969193,0.009963091062999292,0.00917683306099117,0.010132430964983162,0.010447052160706728,0.010352123764369036,0.010179056979383096
1212,0.0,0.0,4.0,0.1,1.0,0.01,0.010566939429631739,0.012037708070153004,0.011762647175666746,0.011897441083542432,0.01194448074510358,0.010896904687238211,0.011114750429478865,0.011658784568246488,0.011764266995577493,0.013413242718864115,0.01147250156270148,0.010961913774900535,0.011881044617965724,0.011883880032524923,0.01205624682010822,0.01134858889651936,0.010925001979059974,0.012388792613268224,0.012251716508785872,0.011786785557546477,0.010307559583180775
1213,0.0,1.0,4.0,0.1,1.0,0.01,0.010569631893458643,0.011287619291880484,0.010668443337152703,0.01105703926207523,0.011138073130405367,0.011950684919918788,0.011281026162702951,0.011940995273086077,0.01180102974121784,0.01214553702255109,0.012335639226320933,0.011711683425456667,0.012554662152674673,0.01111351545617067,0.012089254955612957,0.010516144735357003,0.011549906446072074,0.01177681750673778,0.011091697280889134,0.010672697001025253,0.012706563415539607
1214,0.0,0.0,4.0,0.1,1.0,0.1,0.009675815327293823,0.011644964899897864,0.010674410532496402,0.010951127296595527,0.011152357319716769,0.011314615204823403,0.01067562713112653,0.011562857442567501,0.011934411045572774,0.011127923311260685,0.011465354744103002,0.011825980785110369,0.010601978636842304,0.011927315758345483,0.010186079801493707,0.01150034115427778,0.01180454536891811,0.011131145390089001,0.01149134202391986,0.011929219817015215,0.011313934996303138
1215,0.0,1.0,4.0,0.1,1.0,0.1,0.009682494167570048,0.011080672297269481,0.011362835538531395,0.011540028752445437,0.011419905990242174,0.010630852993707845,0.010853799974231406,0.011304282592823399,0.010470098021074039,0.01128764622442458,0.011445285910520383,0.01068819393404776,0.011107908196455062,0.01046002078383341,0.01067088710704314,0.010887444323309806,0.010783669527689471,0.010159618335112884,0.012105967847112263,0.010826834133912179,0.011020642227820295
1216,0.0,0.0,4.0,0.1,1.0,0.25,0.00953127411137394,0.010798174555266136,0.010556616359887047,0.01019669478868051,0.010677960019039107,0.01111418334997204,0.010351774470113718,0.010513728921871308,0.011797459565215516,0.010408807280889104,0.00997240664062178,0.010878831485967933,0.010210275780178194,0.01094172502105613,0.010829034342490499,0.011577032629007611,0.011192632774708708,0.009951706461265579,0.010910464403582443,0.01096683210123141,0.00991316272897011
1217,0.0,1.0,4.0,0.1,1.0,0.25,0.009534622649269188,0.0097748807645992,0.010562646898334915,0.010227435058562412,0.010710269559194805,0.011313830712671495,0.01177403296925713,0.010724235726152656,0.011083321949048498,0.009863005503340804,0.009295401493879037,0.010994592768102907,0.01056841831127565,0.009764472791858466,0.01083227848296395,0.011415500684498493,0.01044321534842692,0.010251101393900945,0.010940573710363308,0.01022916935952548,0.011845295484442176
1218,0.0,0.0,4.0,0.1,1.0,0.5,0.008672852486459912,0.01139537157943537,0.010823680482704606,0.009436693467333456,0.01027622470095142,0.010015842765376249,0.0093093799815583,0.00989647153321866,0.010557776859358063,0.010617855880641874,0.010010736669142506,0.010541234868189335,0.009611312052720164,0.010239026751581204,0.011092290266205996,0.009645025337315155,0.01031973879896368,0.010142732140623233,0.0107248831233388,0.010811080435172999,0.009085095752102106
1219,0.0,1.0,4.0,0.1,1.0,0.5,0.008674806564598911,0.010619560968290923,0.010996863204681281,0.010704402339723203,0.009730554712051602,0.010182421182243925,0.009642716556542245,0.009564994083940914,0.011044568128073069,0.010805935301822453,0.01015993752560335,0.010236233519071668,0.010910427512706482,0.01013290584746277,0.009919017932949964,0.010244981357823233,0.009700646027641742,0.010806321061230972,0.00995339101763265,0.010372018728262865,0.009829156028214726
1220,0.0,0.0,4.0,0.1,1.0,0.75,0.009586213584922851,0.009102605256164941,0.011191564967781927,0.010622587914601158,0.009574317339315963,0.01018403243207881,0.011056163947303282,0.010230389440184649,0.010936523813165665,0.010582142846159394,0.011136713976337483,0.008626464360146616,0.01087629155585412,0.009199234444762226,0.010216615616959237,0.010427883674511371,0.00970521563947416,0.010367853845503129,0.010861590105935506,0.01097419769886345,0.011338994423000844
1221,0.0,1.0,4.0,0.1,1.0,0.75,0.009589127955407556,0.009985304501322949,0.011446476380803363,0.010782437768855999,0.009646771823417883,0.009623605387226687,0.010392821834398075,0.010569586121010029,0.010809524719716752,0.009251246419995354,0.010773148475063724,0.01122711044661365,0.009745716660784831,0.009625370652227032,0.009533279113937695,0.010256384712165586,0.009442795412825987,0.0100226688140116,0.009654241274721817,0.010624011150560216,0.011396383435069619
1222,0.0,0.0,4.0,0.1,1.0,1.0,0.009112988896813036,0.010023106108516696,0.010662496288272021,0.010898865443367762,0.010093320433725298,0.010053316859999783,0.009715127342268579,0.009363527276721401,0.009827047068879765,0.01039146493473867,0.010469842213199595,0.010721959576444394,0.011092769040246368,0.009733903445380923,0.010796498202518151,0.009722451785052023,0.01010453421562941,0.01039194561254311,0.009565285363220934,0.009300950757058212,0.010841374540272751
1223,0.0,1.0,4.0,0.1,1.0,1.0,0.009111586162383514,0.009964989495513539,0.010879735397235983,0.010842665765921794,0.010166105061433065,0.010456270704174856,0.010561556417927203,0.011288642529823097,0.010207331463905029,0.009570696686305231,0.009673426120766163,0.010294367271503724,0.010556972882826008,0.010042491763518626,0.009824770428727536,0.009569011910230546,0.009105580162001699,0.00983186323283803,0.009977773452476442,0.01059795121786162,0.009642790112135063
1224,0.0,0.0,4.0,0.1,5.0,0.01,0.043675918210929414,0.046297257063141944,0.040482538933730564,0.04639759966540775,0.045330813639936046,0.04461470479750917,0.044653104306476725,0.0457936618206551,0.04506718938001409,0.04626821449212494,0.0450485834016536,0.045829243844338285,0.044705721709625564,0.042835286273396174,0.044097586808079584,0.04570158433423735,0.045934158084720664,0.045287051119750905,0.042134275116351795,0.043191325905885765,0.04342230118832174
1225,0.0,1.0,4.0,0.1,5.0,0.01,0.043710408775260376,0.042788395463086215,0.04543372411803656,0.047500403155210015,0.045491807129079555,0.04313481432248033,0.045040122609469595,0.04447483593272669,0.043362878019501054,0.04417224460647622,0.04363299452088581,0.04702017388968691,0.044092816642783896,0.047284788540580214,0.04171135986159514,0.04451606947505691,0.04506790954463223,0.04314953280862115,0.044331924007452395,0.04379846567797364,0.043156264910610864
1226,0.0,0.0,4.0,0.1,5.0,0.1,0.028746833123186495,0.03145665724784588,0.03134534209758549,0.03545859089974657,0.03207377274607944,0.031513450305099354,0.03313262734044954,0.031251935815018374,0.03124053279102294,0.03112345578402469,0.030899065496857316,0.03178313461000769,0.031132722772275474,0.03197196316173144,0.030337398538082375,0.033515260964864756,0.03377255867391424,0.03184109018107572,0.03297695709146177,0.03390431163861301,0.033628471637289076
1227,0.0,1.0,4.0,0.1,5.0,0.1,0.02875964570102891,0.03198818654842983,0.032466977139683655,0.033558486543730295,0.029577445802501306,0.0312451241727558,0.03331732529192563,0.03265599343491924,0.03177442583993586,0.030109295607218825,0.03038577032356287,0.03327319066061566,0.03069678448392027,0.031366683949516264,0.032882348842267144,0.03157336163407067,0.031167528119914346,0.03261180518897298,0.03146248130751543,0.033071137096864586,0.030611458277048267
1228,0.0,0.0,4.0,0.1,5.0,0.25,0.019382934913749674,0.019307190893545538,0.021540588261062244,0.02211584408152477,0.020522702839925723,0.020272114802018414,0.023415724941389264,0.02012235222036013,0.019065349323130285,0.022750920424351135,0.021141897314889437,0.020421469614328613,0.020918818165287904,0.020484657224382623,0.02030582132748172,0.02112199317306276,0.020563541606037728,0.0205002861900775,0.022093153874701017,0.020449605485721993,0.0216818944915654
1229,0.0,1.0,4.0,0.1,5.0,0.25,0.019379693156633786,0.019972825801598492,0.021852787628380586,0.020472957962888148,0.021439932628840228,0.021041753456155544,0.022009185718954064,0.02028202697276015,0.021488703888626573,0.020484857349964813,0.021043324437282924,0.020506346538014322,0.018903994070446677,0.021301195346704115,0.020063130229414774,0.019654218645702146,0.021763578985358505,0.02063279580813339,0.020707823483415443,0.020943692689204117,0.020546279483658718
1230,0.0,0.0,4.0,0.1,5.0,0.5,0.012178273652815711,0.012824214940557755,0.013466784526952352,0.013784267315305427,0.012007307422240968,0.012781348453074949,0.013518916104231362,0.013723245971544699,0.012346455796962183,0.012614270400054398,0.013456868233771615,0.014645620987409146,0.012106389075474944,0.01390065212141285,0.012708828498962583,0.014283336510103306,0.013364025978172154,0.0128317302243721,0.01326500828860136,0.013910670090617463,0.012421836111072131
1231,0.0,1.0,4.0,0.1,5.0,0.5,0.01217526247659872,0.012878380860427691,0.012982736176016436,0.013892142651794916,0.012593926037960909,0.013102969789469903,0.01391742497229705,0.012365181289200401,0.013689707343137786,0.013877677399245801,0.01460716147799239,0.01446227315968415,0.012996128825907139,0.013681519297577296,0.013787377196482615,0.013470783505639463,0.012806244966497656,0.014092777785013087,0.013920020455408228,0.013257308648733371,0.01288887977928065
1232,0.0,0.0,4.0,0.1,5.0,0.75,0.009739413438707309,0.012042347224797507,0.011308385911258007,0.010520893050078396,0.01159761729461633,0.010706078928514589,0.011000064635899103,0.011259275248092953,0.011765916621929934,0.011141604048288846,0.012164586584422474,0.010845868282096018,0.01054608667189246,0.011038953117148476,0.010675673992470214,0.010368354183766196,0.010853466410496873,0.010348066243407183,0.011649880657759872,0.01081863039505002,0.01139918242628706
1233,0.0,1.0,4.0,0.1,5.0,0.75,0.009738667720467952,0.011286845337506093,0.011485099885267459,0.010893769135203908,0.010941310385796196,0.010949588085771293,0.010304302328672825,0.010577971255519812,0.010109627808054519,0.011509276205752872,0.011936056174511319,0.010386612328261307,0.011575018603284302,0.010322786297124827,0.01112533108736398,0.010630481527175684,0.011590841937779562,0.011163493911903062,0.011727481064374021,0.010040686091821864,0.011145420501172334
1234,0.0,0.0,4.0,0.1,5.0,1.0,0.009838914058446313,0.010377788809050634,0.010117372950875007,0.010932944525928523,0.01143714015413249,0.011075185164639336,0.01102735916982978,0.011734743438667872,0.009794228808783043,0.010212250010287072,0.010045598682443856,0.010122697490673783,0.009768642095656364,0.010216254735651959,0.010026614606973022,0.010131265641003827,0.009723745795701724,0.010589451651832628,0.010174317488650341,0.010994218846444068,0.010719351683153522
1235,0.0,1.0,4.0,0.1,5.0,1.0,0.009836248192476863,0.009756639346011607,0.009777489005391873,0.009969712142302443,0.01061523543090065,0.009789093779878195,0.011068578494191812,0.011163332382237103,0.009608797023331232,0.011172188264719801,0.010558015488201485,0.009619181647100652,0.009584935594115994,0.010659530726106363,0.010822445175665173,0.010952687403849649,0.01110265395448088,0.01114508592154766,0.011369277843163304,0.010464420795299956,0.01070529893603659
1236,0.0,0.0,4.0,0.1,10.0,0.01,0.14967683570034515,0.14674615770402247,0.14864867072577134,0.1502860258427105,0.14193707932836905,0.14774278275759753,0.15132669911865437,0.15025061486600358,0.14904409473699023,0.15116642751364176,0.14846926681720035,0.14773444089281434,0.1459673475738209,0.1518453642412695,0.15506590925926508,0.15202686689307007,0.14920098737548954,0.15240931273402644,0.14829993540730246,0.15108567530805056,0.14072692601992134
1237,0.0,1.0,4.0,0.1,10.0,0.01,0.14973914500354998,0.14854984561324888,0.1476740907085156,0.1505761810962689,0.152572461428828,0.14628392221242575,0.15018258011447788,0.15158362121442798,0.14929241002864885,0.14996940376766682,0.14807278947485492,0.14975382556379904,0.14690805275313304,0.1495835692024885,0.15142597194862087,0.14777572977712203,0.15912018083126322,0.15485268266794633,0.14907346038496266,0.15309333259801303,0.1478562097301934
1238,0.0,0.0,4.0,0.1,10.0,0.1,0.09926626910984865,0.09643349571818316,0.09660149423603274,0.0979345570837168,0.10155513146736485,0.09641461481179944,0.09948504163650261,0.10051111487993897,0.09805491111106446,0.10115827993128337,0.09883160125837,0.10253998375518149,0.09854139566347021,0.0943614316313776,0.09986724238585663,0.09737999031658975,0.09929384697144747,0.09497765054651294,0.10472328002229585,0.10259800966683533,0.09714618240644088
1239,0.0,1.0,4.0,0.1,10.0,0.1,0.099290763995887,0.09945181496219002,0.09531197987472473,0.09852647980804556,0.09707673685968013,0.10075296075676364,0.09533157453131784,0.09724480292985535,0.09759937534992118,0.10373332101797071,0.10253296440484665,0.0977361925932442,0.09665571005406177,0.09611455262132132,0.10242232341456285,0.09880272081176776,0.10029366006597515,0.09849406304122808,0.09979753521354383,0.09677516464456459,0.09695249660495855
1240,0.0,0.0,4.0,0.1,10.0,0.25,0.05100786975265709,0.049566955092042675,0.05549583546556758,0.04878404166736839,0.05119102683796992,0.05045496524936384,0.051450456613559674,0.04884378913731554,0.05082303901629837,0.04963425937796893,0.0550027288803312,0.05374273956755374,0.05217458507761551,0.05134077051893535,0.053475375194797246,0.048832382286725956,0.051206992416995015,0.0532937114815106,0.05238559163492969,0.05103887405006328,0.0518888411648447
1241,0.0,1.0,4.0,0.1,10.0,0.25,0.05103683438274405,0.05210503308426058,0.05380195744864616,0.05234225185984102,0.050443989329468045,0.052224558761938794,0.05335110737426998,0.04884753066409044,0.05292695277317904,0.04905426453949492,0.050982196526264754,0.05204350657235741,0.04894969574571296,0.05396998644301798,0.052639618680684876,0.05249394738375207,0.052920178166762685,0.05204079317408261,0.048356684919409296,0.051791336648934656,0.051358271520344986
1242,0.0,0.0,4.0,0.1,10.0,0.5,0.022036118934657702,0.021394394748736133,0.02125861972192642,0.01964583593477325,0.022566457299499635,0.023259976020773922,0.024005487982680547,0.02157946985648198,0.0216854571786629,0.021145121389159968,0.021453355852215594,0.02166016044617584,0.02071967683240054,0.02338584682283374,0.02285724001054146,0.021508714425059732,0.022044140407154727,0.02196813431289574,0.0219784535327177,0.023119315771998872,0.02347157926171942
1243,0.0,1.0,4.0,0.1,10.0,0.5,0.022045034155606935,0.02286566334288659,0.022352718773768192,0.022187363487689328,0.020296415161578926,0.023035644734072123,0.02365931115311227,0.022600119672500172,0.023373720184590833,0.02139763543015898,0.022747759414287628,0.024105631023140374,0.02334646307411431,0.022596445432057678,0.02381325934225621,0.021655178845010926,0.022265247730243937,0.022504074160511197,0.02100799569081062,0.024045651908064583,0.022249325820100644
1244,0.0,0.0,4.0,0.1,10.0,0.75,0.01359498125967998,0.013221738356119561,0.014328389378611854,0.013714159031199628,0.013812092846713784,0.013868372801668022,0.014070938814405454,0.013636700558630673,0.013764701577577105,0.013494814500141079,0.012997120498419387,0.013661935601850632,0.013807044041030357,0.013303268632958606,0.014658523262490893,0.012926927970776216,0.01376154884041629,0.013640415810940033,0.013782930503714494,0.013540530826733056,0.014043907471967924
1245,0.0,1.0,4.0,0.1,10.0,0.75,0.013594667140168383,0.015069470253649388,0.013613212144821672,0.0144296160679757,0.013140229744490873,0.01386442770233333,0.012799053813096083,0.014940599296431005,0.014214077659032372,0.01570556784871698,0.013363381311691982,0.01509416728069794,0.013353684524506707,0.014154297238200872,0.013504299569790436,0.0120252831496889,0.015063172413867381,0.01298889322119078,0.012858017402944455,0.012702652115751513,0.01381528825714301
1246,0.0,0.0,4.0,0.1,10.0,1.0,0.010764936993211389,0.0108857575491035,0.011293234395064085,0.011441041005759817,0.01065433992686856,0.010800727277773738,0.012065743571220958,0.011629182906085427,0.011022216430763985,0.010910890921985165,0.011450874163802825,0.01177499866686655,0.012029750774264372,0.010401045084018993,0.01035625473846017,0.01096317230786098,0.010493701676480695,0.010488575217561894,0.011289205179466435,0.011051380041035916,0.011423595917657417
1247,0.0,1.0,4.0,0.1,10.0,1.0,0.010770571424030081,0.010248707894543005,0.010595388500965567,0.010660114458041551,0.010564176903479333,0.010529051679983406,0.011464345375103595,0.011343442525545599,0.010015823857247525,0.010848027601677827,0.012283691689028845,0.010781283760848965,0.011346451087298478,0.010791806359324602,0.012254879859348922,0.010912973497128296,0.011560760006834326,0.011417106250428466,0.011656361068141394,0.011474806781689521,0.012187763484074065
1248,0.0,0.0,4.0,0.25,0.1,0.01,0.05962314495627395,0.06392895959458574,0.06007442350495552,0.06394428519269314,0.061232540865723044,0.0594110851657299,0.06590402415109349,0.06376229108981345,0.06327302052496736,0.06901763688052584,0.060082936416101664,0.06528418485744941,0.05960052661817706,0.06244690880493175,0.06094282832643214,0.06956698374799324,0.058986902998873596,0.06681273161534064,0.06958687563434951,0.06303882176321983,0.05713418150827308
1249,0.0,1.0,4.0,0.25,0.1,0.01,0.05966442215957186,0.06639998517871115,0.07079529407597356,0.06805268520037014,0.05705541763584862,0.06193238958621901,0.06314104366764406,0.06983727246792452,0.06376823081667087,0.058083252299508795,0.05887207212880292,0.0599461498775307,0.06518609334028903,0.061580076696627,0.06343586051756901,0.06917936846387336,0.06657054309395558,0.05828320314560599,0.06879884008564753,0.06238848558059519,0.05879181074460598
1250,0.0,0.0,4.0,0.25,0.1,0.1,0.054978678432460674,0.062301079203114854,0.06513176592829746,0.0611819240439919,0.06462543019302197,0.06897354202957055,0.06332810371997796,0.06424415616009449,0.06572310994565411,0.06952248310162129,0.06260100276094555,0.060569486254090456,0.06354689505316173,0.06312467254860339,0.06306953037950788,0.06697837439910756,0.06405040085862494,0.0652202073885186,0.06242394987038996,0.05326551253735441,0.06652991792394775
1251,0.0,1.0,4.0,0.25,0.1,0.1,0.05499430589199619,0.06743326077937875,0.0691545086700936,0.0571880238873973,0.06564444856031439,0.057891797969933975,0.0635911672839221,0.06725185684287885,0.05721530426859281,0.05797826559832231,0.0647071365162619,0.06486279302346802,0.05992228627392751,0.057855745969648535,0.06506801078141687,0.06315483688785543,0.06567407019845999,0.06655310087060083,0.06558949442177807,0.06052031819858462,0.061166462880850724
1252,0.0,0.0,4.0,0.25,0.1,0.25,0.06082062076018465,0.06198725619566228,0.06028796424907969,0.06426149698970998,0.05630694081520527,0.058000202746948795,0.061562118277328555,0.06474652063226596,0.05711695110425767,0.06681390538916974,0.06067243636965911,0.061889412014278694,0.0630624924581419,0.057098313701406986,0.06861893874279769,0.060306084004072565,0.06393275209351432,0.05978931859694485,0.06350245425035068,0.06246733034999461,0.0660748875721529
1253,0.0,1.0,4.0,0.25,0.1,0.25,0.060831422984500276,0.0635268922950892,0.06356515906179584,0.06095915149718073,0.05929357296975624,0.06421606632317813,0.06757169786119854,0.06300436367629213,0.05968846878939555,0.06218601811242293,0.06410286473816568,0.06544279295004948,0.06020403330096705,0.06718697622282932,0.059941656980751226,0.06028394280669979,0.06596887258230363,0.06310135716489536,0.06611496467490263,0.06376127134599903,0.06463485943039218
1254,0.0,0.0,4.0,0.25,0.1,0.5,0.0529589727346519,0.07323795895675726,0.058978223184012725,0.06325889294439889,0.06295378462044396,0.06271098757879517,0.06150866277842533,0.05708617883039127,0.06360665516739278,0.0636374063833776,0.06410750928347628,0.06815383953480177,0.06227498317301452,0.07073633633088215,0.0683309679298528,0.06602506656186488,0.06834867823487763,0.07348866869197475,0.06127793261992886,0.05933276042678906,0.061621625160364554
1255,0.0,1.0,4.0,0.25,0.1,0.5,0.05299889249827758,0.06386416375540775,0.06487865156620774,0.05858204071978012,0.06394390707952904,0.05957582645408959,0.0675065248548467,0.06442698042938011,0.06514420815147703,0.06312458918259947,0.06462358744503194,0.06799512487185705,0.05882642018885554,0.06157642436010589,0.06715529720314943,0.06277214310288859,0.06085918569536474,0.0639097011618443,0.06200171576238736,0.06700361021532336,0.06596229681836414
1256,0.0,0.0,4.0,0.25,0.1,0.75,0.055199086343004036,0.06467310454946303,0.056669450825461876,0.06687209186819389,0.06880383590040147,0.06417384307214791,0.059995940272077226,0.06479129085710267,0.06296695166085167,0.06616441273613487,0.06403673617154611,0.06851192093975067,0.0642238827447376,0.06597866165832408,0.062033725574564325,0.059729097425945746,0.0656675158862438,0.0667896237767274,0.05979373176591745,0.06587819213300629,0.0635055080653328
1257,0.0,1.0,4.0,0.25,0.1,0.75,0.05521283516659632,0.06373029075173468,0.05781494234728972,0.0671758423790572,0.06074312062586967,0.06795969461427305,0.0606805088091152,0.0653589401303023,0.06320703146173819,0.05892935260761077,0.06821245388011,0.06141355881853799,0.06376893453584906,0.06433337744260006,0.06527296360345039,0.06613155242798713,0.06964091603928704,0.06676687315029989,0.06576366041362683,0.06847847904807293,0.061085422205980094
1258,0.0,0.0,4.0,0.25,0.1,1.0,0.056551089758839206,0.0661122222979325,0.06267892168733313,0.06928781868577773,0.060897098617132245,0.06207774090983255,0.06418158483063681,0.060645248144278845,0.07074417363389617,0.0701361613364512,0.06324460973819972,0.060695018288346,0.06481409756070447,0.06882321275773698,0.06218141886870233,0.06499590740126285,0.06856754479128367,0.06730187882958645,0.06934318639054964,0.06473030485318952,0.06244275794934565
1259,0.0,1.0,4.0,0.25,0.1,1.0,0.05658496785454254,0.06283413244124768,0.05918904051035761,0.06047720426929697,0.06931235488860825,0.06112191211572576,0.06316410832388625,0.061815615417376284,0.0691632112226051,0.059251489714578165,0.06581009497497917,0.06431625777374787,0.05946234118950383,0.06077365195403469,0.07058287299169617,0.06365373759103676,0.0610168448988864,0.06157251730608368,0.060022206840819464,0.06680757959889322,0.06232053192500266
1260,0.0,0.0,4.0,0.25,1.0,0.01,0.053143949420979435,0.06278719402569577,0.06775774206662473,0.06363326257008893,0.06963905797372293,0.0699708570805344,0.062927804371097,0.06782346438504518,0.068453650590699,0.0674177687808233,0.06757031057931734,0.06319249415142404,0.06795768142362311,0.05701986532702191,0.06174621615499607,0.07092902531411352,0.06907392713364086,0.0680151348615091,0.058978432443006726,0.06384865021460524,0.07198443559079998
1261,0.0,1.0,4.0,0.25,1.0,0.01,0.053150328637671704,0.06216313737866075,0.06069963429401603,0.06972379901471058,0.06673303169070655,0.06911358971229789,0.06621506731092756,0.059821854603802294,0.06590131512649289,0.061716011288774505,0.06386004994323712,0.0708784165955034,0.07751221126137439,0.06432818481678411,0.06058595451403987,0.06817276888894158,0.06678334961990835,0.06245444392861912,0.06240039890425537,0.06725218981917737,0.06516831240075947
1262,0.0,0.0,4.0,0.25,1.0,0.1,0.05658810473960356,0.06917112359623097,0.06630120879551814,0.06255287823335173,0.07107361170869636,0.06720513659301211,0.062488524060656206,0.06699521838201451,0.07230723050972884,0.061889244450142135,0.05735049824544769,0.06139906953358225,0.07041396994548293,0.0650969981182605,0.06998357062828306,0.06823359025341998,0.06857818832040992,0.06460732839401774,0.06249279953953517,0.06155707055488243,0.07012685205715317
1263,0.0,1.0,4.0,0.25,1.0,0.1,0.05659406018888051,0.05667300836525087,0.07343142515263949,0.06495904121522562,0.06388923492891152,0.06222005348757245,0.06754711786450475,0.05931810212680766,0.07229526237949933,0.06492078115862751,0.06308756756710766,0.06769255787231906,0.06746947853655447,0.06585692190201863,0.06370716290857292,0.06216921663812179,0.06585683893100934,0.07258872300026253,0.0651910976669767,0.06989864315110081,0.06777635490988959
1264,0.0,0.0,4.0,0.25,1.0,0.25,0.05289566269060626,0.06521766384413935,0.06509125933756023,0.06644572087519568,0.06782757268596583,0.05848112272219305,0.056389750453048296,0.06639216030249603,0.061759758180780104,0.06792010941196652,0.05879024719909462,0.06345118096044246,0.06965501021282085,0.0618881282209333,0.0738091963587615,0.06181777713550861,0.06381604875581076,0.05936640691110183,0.06619210620197177,0.062409993368152665,0.06179868648291004
1265,0.0,1.0,4.0,0.25,1.0,0.25,0.05289994026049705,0.05706424283750034,0.06417639974044038,0.06834096190829166,0.058709812659627644,0.0622107124623783,0.06082228200437951,0.06146111957857554,0.0663271838658768,0.06396545951460673,0.05894080771670852,0.05872507888441038,0.06478701122701834,0.056457344982312564,0.057592473365223454,0.05916145905203998,0.06598720780834683,0.057649153206079384,0.06501047766225196,0.067520132883445,0.060641737910140776
1266,0.0,0.0,4.0,0.25,1.0,0.5,0.053099843608391435,0.06434524730783213,0.07040103702851563,0.06781754502767826,0.06487334548422355,0.06080717134870981,0.06433990998793485,0.06527314384722434,0.06277626916070717,0.0686238951474325,0.059994707510039824,0.06346039102656598,0.059784771098389776,0.0682443208423655,0.06539034655557678,0.06018504887060336,0.062020146150978686,0.06145781311806731,0.06706721313727164,0.05896699553702133,0.059482661647867426
1267,0.0,1.0,4.0,0.25,1.0,0.5,0.05311625341988656,0.06308869226251689,0.06130843745550925,0.06494812760514926,0.06333204113482839,0.06184349328535134,0.06493307196396922,0.05846891582447401,0.06612266562665516,0.061978035147656874,0.062433810684386776,0.07207085678292738,0.07070928643204054,0.0695601866561646,0.07264609103349572,0.05814326738628132,0.06869065626331876,0.07030394882564617,0.06588257269700946,0.060948017935105056,0.0630767567426311
1268,0.0,0.0,4.0,0.25,1.0,0.75,0.05385243397952065,0.0631631188603776,0.05971451153913394,0.06430005963558667,0.06856468228831453,0.06260883336865904,0.06629128842788842,0.06551202845898875,0.061649377532005084,0.060789100085972464,0.0626935519020627,0.06243273567608428,0.06521051764602698,0.07212278686783086,0.06429738338087725,0.06351581252013645,0.060748356563350925,0.058465807523647606,0.061665215582058445,0.057623381278005266,0.06245399695609977
1269,0.0,1.0,4.0,0.25,1.0,0.75,0.053862500717800604,0.068466933344374,0.0624901642133289,0.06849570050772208,0.06783422776666459,0.061132331937483096,0.06625449975792783,0.06610365246382674,0.06926346046067781,0.060596972203273564,0.059481064112237414,0.0654251332395457,0.06146756140391168,0.056946708152844666,0.06687554874401526,0.06320603602217846,0.06847957616242044,0.07081519048001528,0.06035317348504734,0.07224105425540779,0.0573884066844127
1270,0.0,0.0,4.0,0.25,1.0,1.0,0.05596494545985712,0.06096932915309651,0.06989220594581377,0.06579758491076419,0.06532775107081373,0.06519228542748606,0.06516194739338234,0.06413459820889325,0.0608123163939513,0.0664394519135987,0.06504893432661757,0.06546040087510732,0.06090492685841359,0.06733291979928056,0.0627681806756737,0.057148625244360686,0.05717103799893391,0.05859300771691298,0.05925069372878386,0.06463392443937735,0.06182281893798695
1271,0.0,1.0,4.0,0.25,1.0,1.0,0.05597507638169592,0.07278926429014483,0.064993602539258,0.06384955904022414,0.06356943165626955,0.0580131283162732,0.06043008079986022,0.06385804092926278,0.06339875943046101,0.06966443182326715,0.06202924440085812,0.05836077332698974,0.058864209947472386,0.06297791992350016,0.05862087840382335,0.062435088949873034,0.06200342717685558,0.06165381696007077,0.06430054909447054,0.06327992145390499,0.06827854928607832
1272,0.0,0.0,4.0,0.25,5.0,0.01,0.09297290617980554,0.10073557909956657,0.09817017757995045,0.09961542956065966,0.10790485646842785,0.09855581709149347,0.09508055851800351,0.10811203777110182,0.11347740012932782,0.09698168239177048,0.09885342878379391,0.09437645547020845,0.10440982828124358,0.10174242623952937,0.10203867763865898,0.09966359064880101,0.09497942450514088,0.09580142987759395,0.10117769765057501,0.10455877903760288,0.09842129104252771
1273,0.0,1.0,4.0,0.25,5.0,0.01,0.09302360799812906,0.10428362547254681,0.08858421827605076,0.09760825867966487,0.09955050446709925,0.10161465528345096,0.09831178582910376,0.09878389422563794,0.08970634678075728,0.09707919914361474,0.09794514378272641,0.09655668320508616,0.09419323331686724,0.10169161103169784,0.10906933415567664,0.09847697226057477,0.10997049090666997,0.10259199950999541,0.09536694641469963,0.09846064056109999,0.09391095923408277
1274,0.0,0.0,4.0,0.25,5.0,0.1,0.07744684673290275,0.08559093385383808,0.08801993991314362,0.08627222431398798,0.08917741651511228,0.0861883889936895,0.08893914483345407,0.0881074605516369,0.09107251671076082,0.09504000325161976,0.08099365818920139,0.08725874301785243,0.090401076807589,0.08753001907796878,0.07949338260062645,0.086666350632483,0.08772027265105871,0.08752161373052932,0.08206140481544358,0.09117812496213207,0.08093290838017397
1275,0.0,1.0,4.0,0.25,5.0,0.1,0.07746380564858234,0.08648198844783767,0.0857416657180995,0.08732651154840998,0.08751296740283722,0.08472363981623734,0.08379657906543941,0.0787035590630017,0.08978961376976599,0.08156227069111538,0.09020383191289787,0.09428712336909406,0.0844840545468151,0.08579442108221422,0.08359796574857835,0.0902189681145009,0.0881658914882837,0.08139995958021605,0.085252010526911,0.0817771779665379,0.08178003574088777
1276,0.0,0.0,4.0,0.25,5.0,0.25,0.0728654765188465,0.07862168895725842,0.07449726996362144,0.078090682347417,0.0703830523455674,0.08201087096585283,0.06522928205951276,0.07314234936876764,0.08150620348023033,0.07340725921855606,0.06921699217272016,0.07265532824498756,0.07257420351988181,0.07118145089378602,0.07185486164518488,0.06778516043706066,0.07536056729965034,0.08032178243221375,0.07286717728510392,0.07104965492413647,0.07014631970663936
1277,0.0,1.0,4.0,0.25,5.0,0.25,0.07287497398744196,0.07840612293906797,0.07611354213476532,0.07555567645365266,0.07000826304530469,0.083220768816405,0.08280759977980333,0.07569985804956003,0.07888609575929854,0.0714647112439432,0.0788294569480244,0.07089864174177125,0.07202440272870499,0.07724585232527205,0.08086225739722704,0.07502736915454661,0.07495441762747379,0.0763396016021579,0.07543496421082677,0.07688813031119505,0.07221233686533987
1278,0.0,0.0,4.0,0.25,5.0,0.5,0.060544178079060484,0.06647843655714658,0.06502625479262059,0.06197590961698611,0.06805559659503024,0.07282810363719856,0.06326543146014656,0.06731423473453135,0.06827428951262438,0.07183926269211559,0.067955222737894,0.07543803725763289,0.06758559313021714,0.06683334907360418,0.06426408314734426,0.06467749562035575,0.06500619420786631,0.0711788359628896,0.07345532425509733,0.07004536133893785,0.07176562110587671
1279,0.0,1.0,4.0,0.25,5.0,0.5,0.060504944710229776,0.06603299210129297,0.06982100778467357,0.06685217672717858,0.06377970721888217,0.06824663928282086,0.06478119846483901,0.06708101864685972,0.06930465521920044,0.07684487979598707,0.07095443452716693,0.06881327734652716,0.06476779830715228,0.06638284878432463,0.06312848353119824,0.06351280151497893,0.06118716470134827,0.06477045484453,0.06790628241387967,0.07258588904658746,0.06691808154395845
1280,0.0,0.0,4.0,0.25,5.0,0.75,0.06408878559527084,0.06069133726037169,0.06012423962903665,0.06702656000185386,0.0612177295398271,0.07212025043667454,0.06201370275744099,0.06567320828918333,0.06418673351377545,0.06752163353197788,0.06449593397031811,0.05733084573438548,0.06749720009418299,0.06759359163847725,0.07102448622117258,0.06473612295528441,0.07005614088401023,0.06649732602229728,0.06269282899841348,0.06317454993383612,0.062156976044821455
1281,0.0,1.0,4.0,0.25,5.0,0.75,0.06409815602097556,0.060950834865529456,0.0687569519438724,0.06758244492032406,0.0681276728399021,0.06725529600875038,0.06564458617364799,0.06132067227613254,0.05688540292322264,0.06678994715952734,0.06184080735312417,0.0609959325581926,0.06563165209960053,0.06295289960828107,0.06447013211348498,0.06520343061912487,0.06160507731459322,0.06562174989648925,0.06298446998929658,0.07104481372062887,0.06388172915593579
1282,0.0,0.0,4.0,0.25,5.0,1.0,0.056832929284620866,0.07181881715964665,0.07106162228156979,0.06615659926594859,0.06210820782501385,0.060191588313360536,0.060758681516473984,0.06275294039149125,0.06300730203155713,0.06518962027099907,0.06602156390737134,0.06182044952155472,0.06317079875178759,0.05837269403166311,0.06190122033386533,0.06404747664145796,0.06278191773657095,0.06110671049055463,0.06669312654439644,0.06412735685543104,0.065121197763684
1283,0.0,1.0,4.0,0.25,5.0,1.0,0.056834681429037644,0.06350209401285904,0.06203680564558472,0.06228360838496072,0.06890145188865258,0.07703401304768764,0.06289728446298391,0.0560318372090701,0.07076055643834839,0.06885057291278109,0.06314874777705283,0.06563688938295285,0.060281890499522026,0.06083397295806162,0.07125214686400502,0.062291363879138945,0.0607645025944708,0.06247100377941035,0.06357186855844124,0.0674729982685168,0.06341305088753292
1284,0.0,0.0,4.0,0.25,10.0,0.01,0.19046259532816026,0.20459408811805394,0.18956660424394875,0.21266216557687667,0.19548979946601372,0.21776424036285666,0.2008800771649108,0.2101428007596187,0.20836682090729536,0.19200801192443367,0.2154116009989043,0.20393669477919166,0.21115180330564534,0.22315424588246743,0.2034112056188989,0.19855702853173188,0.20940230966961107,0.2046212490274334,0.18294055313552027,0.2033600723726841,0.21275097391398767
1285,0.0,1.0,4.0,0.25,10.0,0.01,0.19049417835290575,0.2026291594166788,0.21058376348122898,0.2119574335479671,0.21397285412392153,0.2190416970352674,0.21393801891885586,0.20996850927101532,0.20369646096074925,0.20613983705047803,0.20435387779645708,0.19883596152988162,0.20088369753269364,0.1945358447911292,0.20120195462546,0.1915573871645728,0.19865089021619953,0.20869549405594248,0.2042444795067361,0.19752970029063568,0.20379820384286654
1286,0.0,0.0,4.0,0.25,10.0,0.1,0.13808659772214146,0.15313429183616928,0.15452072127389255,0.1459513098304013,0.1631340126735427,0.15358544580677225,0.14644036102507144,0.15377681325133172,0.14680199988624734,0.1615183418424642,0.14812038413118037,0.15466833158222218,0.15397984154806066,0.16148987992553704,0.15546765085096234,0.13962695603901315,0.15624197145622853,0.14700480563718693,0.13736609054655874,0.1500199124582195,0.1582159345963136
1287,0.0,1.0,4.0,0.25,10.0,0.1,0.13812994022147437,0.15256768337267243,0.1617237457324473,0.13863762192853787,0.15343548892088543,0.15018262483740974,0.1583732775453304,0.15548845035456088,0.15694374045524068,0.15327562547169338,0.15077994925593585,0.16007450791351036,0.1488911057194631,0.15406659911052936,0.15497500130627315,0.15231025092700007,0.1469312475619327,0.1623563812801371,0.142884217723044,0.16774231013864732,0.15446325585878626
1288,0.0,0.0,4.0,0.25,10.0,0.25,0.1004974558155078,0.10234173168859964,0.10781103369582506,0.09931210885928983,0.10039131328069642,0.10900009573060347,0.10016523322910098,0.09707636240366514,0.10965078968659532,0.10351981980500591,0.10466450570748562,0.10632270218795412,0.11208041068409302,0.09781569936664324,0.10627451781326941,0.10200433163250672,0.10495248848924077,0.10373925072776005,0.10957876055014867,0.10288202177644161,0.10583941325032103
1289,0.0,1.0,4.0,0.25,10.0,0.25,0.10053856891060954,0.1054987328939013,0.11387839376731647,0.10713937544203622,0.1002525550368056,0.11014246418701405,0.10971748912927155,0.10627617691652422,0.10736853655953738,0.09799612755681168,0.1074573577036535,0.10123184298366963,0.0985950126496818,0.10877939283292348,0.09300154899594251,0.11160320654209359,0.09715471453683736,0.10453190422844234,0.11128722403386795,0.11223018115619382,0.10585410814597085
1290,0.0,0.0,4.0,0.25,10.0,0.5,0.05933971486912019,0.07986048709625435,0.07026374368327423,0.071410427795028,0.0689873755099657,0.07878442654241148,0.07379366479445816,0.07761342983299996,0.07584066925114943,0.07844212291177112,0.07391522622045124,0.0719106554360185,0.0689444433526849,0.07713088007374307,0.07989968488067485,0.07612945751746594,0.07687422083056085,0.07464786128098275,0.0763371764630741,0.0704203187947091,0.06870524265881854
1291,0.0,1.0,4.0,0.25,10.0,0.5,0.059378590821099475,0.07854792469412783,0.073373630116773,0.07867568159992641,0.07424927036496105,0.06965631599844961,0.07405711130683905,0.08914253755166289,0.07414557921608371,0.07378085834496083,0.07662403400221637,0.07855868279727836,0.07953969658892286,0.07258103504578303,0.08033980403770156,0.07199417391755807,0.07396153949371004,0.07031108537171088,0.07196134489230414,0.07528772282282607,0.07926071870052386
1292,0.0,0.0,4.0,0.25,10.0,0.75,0.05759482358022567,0.058880896592300724,0.06528740960493316,0.07568418162030685,0.06510588426952822,0.06928203221511224,0.06146014478621962,0.06626368971286015,0.0605033474879596,0.07023671737965881,0.06848563292317367,0.07400331071160399,0.06492990759262836,0.06686961293310531,0.0646602385632223,0.07078969442907698,0.07134902194630591,0.06740068929212434,0.06268251515787879,0.0676301858164343,0.06827836737170842
1293,0.0,1.0,4.0,0.25,10.0,0.75,0.05758264013513044,0.0672726350267506,0.06552990527341984,0.06212128346080359,0.06137028899041989,0.06648844508766068,0.06729937664642963,0.07914194203754439,0.06350919693161805,0.06864758956396465,0.06349077841894694,0.06994641602739304,0.0684973243064069,0.0647594412281972,0.0595124163735185,0.06671704835606122,0.06781909315959252,0.07254927850657258,0.06670320114891083,0.07254910036602757,0.06677524982286312
1294,0.0,0.0,4.0,0.25,10.0,1.0,0.05830690659510831,0.06317637296398321,0.06471839900872728,0.06389356951392818,0.06789672113300334,0.0591635907585646,0.0640388008970533,0.05957746572403646,0.06740482582565638,0.06770545645170327,0.06872470934959146,0.06490887526776239,0.06555973240640321,0.06201941547014567,0.06313048338836648,0.06255968574555264,0.062060311217560164,0.05958717195273458,0.05979506896968912,0.06287459620934191,0.0709948219617462
1295,0.0,1.0,4.0,0.25,10.0,1.0,0.05832594655984062,0.07006353930067762,0.06580934419056425,0.06162165692776867,0.06635733941736369,0.06881734539652973,0.06297814122410192,0.06352856611435206,0.05856050039422542,0.0578714365894697,0.06914811236904721,0.06917124885626934,0.06215933363631408,0.06510108245450152,0.06299496179560754,0.05888922278463121,0.06864809003655795,0.07235631242152188,0.062272608067652994,0.07019550591186485,0.0584607079643298
1296,0.0,0.0,4.0,0.5,0.1,0.01,0.2263167620449712,0.2569275035286843,0.26181201239040774,0.23736042367542814,0.23183619711995515,0.2487400281772636,0.23039486114386112,0.2915030559424614,0.24776530836547023,0.26345575066765586,0.23286081022570207,0.2825869440744285,0.2467321164101235,0.2732245281726637,0.2534509155173261,0.2589670198519107,0.23413759504591916,0.24831330858049827,0.2509442001981495,0.26429067542265616,0.25915943033864397
1297,0.0,1.0,4.0,0.5,0.1,0.01,0.22635062946109674,0.27873126081500177,0.277770081840311,0.26037826630753835,0.2793157313469644,0.2582333707509188,0.2744903302302425,0.26176571937712806,0.2585939916688053,0.2456437865791194,0.25589619694397314,0.2517908543913723,0.2599990235649467,0.258691916379834,0.2605202105318809,0.2608243563198299,0.25560446224164807,0.24268850661064262,0.24680817056637744,0.2608405852268788,0.2342796096157516
1298,0.0,0.0,4.0,0.5,0.1,0.1,0.21491487571116685,0.27517581985634926,0.2080156885769672,0.2591757218971603,0.2323221111803777,0.2754538791698347,0.277587951855876,0.24669229062044495,0.24593663250650125,0.2588201667129354,0.24364328853562275,0.26517771946568736,0.2377914731571796,0.25053481704488334,0.2717814505355618,0.24390771394052435,0.24114605106107592,0.27149308596685723,0.26650520980793996,0.2351192625329815,0.22908229365768756
1299,0.0,1.0,4.0,0.5,0.1,0.1,0.2148985117963789,0.2538055062081259,0.2527648533008139,0.2519727543156879,0.2614523668543206,0.2736549583880397,0.28139815482328095,0.2588406647465383,0.25514242210341176,0.2526937988926362,0.2515551921336612,0.24252570030499632,0.24133237412778663,0.23910597414409104,0.25420207827857877,0.2632314067865325,0.2584226248946955,0.25352917011338905,0.27479347329268783,0.25422973999376763,0.23648453146046458
1300,0.0,0.0,4.0,0.5,0.1,0.25,0.22610034869843504,0.24594118547238544,0.2386003177616963,0.2555832805304067,0.22628940225979377,0.25967779470883695,0.23843534378618506,0.2548113053396817,0.25093217144750635,0.27396146119083026,0.21808720555871564,0.2810312377563206,0.25487911727287066,0.2692477943823539,0.2495284318234124,0.2748894856846961,0.24830593318997415,0.25831926299177094,0.259502842004114,0.242525790915,0.25595869845785674
1301,0.0,1.0,4.0,0.5,0.1,0.25,0.22612977190362735,0.25065808839398057,0.24310021916754926,0.2660520422980633,0.25256883724843326,0.2348921759306541,0.24625146746275378,0.23738853703066307,0.2689767635258878,0.2400891774504703,0.30586635407728857,0.245941623481154,0.24266444562178785,0.25823075408080565,0.2893701277071033,0.24843218417725557,0.26681150549324595,0.25562122295395523,0.26279609725497044,0.26158528967814565,0.23787887400820437
1302,0.0,0.0,4.0,0.5,0.1,0.5,0.22064200727411318,0.26731469461291907,0.2564231184399506,0.27082568437924803,0.2516827910256105,0.2539462585671491,0.2462797622360309,0.2655241492640099,0.2685989340243439,0.2611629810351614,0.25568756037132523,0.275981937480121,0.2604533433773809,0.24582079037300045,0.25134114331431423,0.24618666253830174,0.25480072527394193,0.25696531358477753,0.2546687202169683,0.2769316927697316,0.2607222493261767
1303,0.0,1.0,4.0,0.5,0.1,0.5,0.22066767533785578,0.25788833512160975,0.2584080529271406,0.26321074431613617,0.2731228764904479,0.2608913301767212,0.25955728546513934,0.2553196862949587,0.24614764478049236,0.23646031066165638,0.2619249652347513,0.264443192531741,0.2407345812594802,0.24214808128662213,0.24308063689024384,0.2677961655185484,0.2636080163965135,0.2722712492920112,0.23409297360540413,0.25616103368464227,0.2791080101471057
1304,0.0,0.0,4.0,0.5,0.1,0.75,0.23922338134283683,0.2630586107968786,0.28860081719898656,0.26861816155639984,0.2508601528419154,0.27990646483493786,0.24882403857970284,0.28019783747645544,0.2562592343721789,0.2819389264192797,0.25554256167607736,0.26241600087255285,0.2584508545254525,0.27781654078206885,0.2544876323443443,0.28802627429437017,0.24776055896386107,0.24991292446968036,0.26088024133755683,0.25111220354841945,0.2548068916343788
1305,0.0,1.0,4.0,0.5,0.1,0.75,0.23920289180942997,0.2531392585589037,0.25237569949492344,0.248091040586813,0.28030537851383663,0.26032583026774736,0.26308727740656035,0.24865400266593415,0.27494570454734635,0.27500923515961817,0.24658948968409214,0.25419940242889405,0.29764466127008665,0.25071030097729097,0.23737390265156122,0.2500615862009787,0.2557028354883246,0.25703717328138936,0.26900917571595356,0.2655939881200331,0.2547755674971742
1306,0.0,0.0,4.0,0.5,0.1,1.0,0.22941980226654618,0.24128111971239896,0.2735005034998193,0.23217786080185907,0.2716144539157432,0.22812230639901063,0.2579615128974816,0.2580132070037318,0.2589775289053295,0.23410679843815124,0.26822616580040387,0.2640398677995161,0.2742873869060493,0.24003171457221462,0.2647786893792917,0.2330570885281826,0.23885699659545662,0.2491952466755938,0.2707614453284629,0.25921750024036566,0.24198735464497026
1307,0.0,1.0,4.0,0.5,0.1,1.0,0.2294621699871811,0.23691089190658962,0.2476192133241326,0.24287321004263057,0.25021903911252785,0.23417070217086594,0.2939449803469098,0.23601705649112864,0.25368761851130595,0.24511208556721212,0.25770907274003174,0.265516560133199,0.24121647777879016,0.2571953130273877,0.2373568164937085,0.24173392979953892,0.25963864405610204,0.2521195592650506,0.25005825836838347,0.25768965948143124,0.234608481612154
1308,0.0,0.0,4.0,0.5,1.0,0.01,0.2529768098536579,0.26300060365813804,0.24586982757514034,0.24157846519498202,0.24984274674413062,0.24027437056208117,0.25744763529670306,0.2731522043481053,0.28422540139873226,0.27474672203981443,0.25998425499782946,0.2528020560814796,0.2804545882426021,0.2482206148367378,0.24979472505979933,0.29025468776135915,0.24052564697863685,0.26241821380870667,0.2681730781235924,0.22647866466867073,0.24637516884027214
1309,0.0,1.0,4.0,0.5,1.0,0.01,0.25302269017067514,0.25979553481329876,0.2385999006277861,0.2291882748464096,0.277509300043248,0.2563747396222595,0.2620477047030845,0.2708863373078668,0.27380275588431935,0.2425960203773853,0.21813113112899954,0.27081064192001286,0.265028658599031,0.2588214255660615,0.2508314207455956,0.276359617675038,0.24064510813368842,0.260068462161439,0.26803411921661935,0.2686185167841219,0.29167835012025434
1310,0.0,0.0,4.0,0.5,1.0,0.1,0.23340155195300705,0.2511799768299837,0.2577721745218163,0.23178781247631933,0.25236092042191904,0.2667336262921545,0.28388935680208427,0.24952235632067304,0.240478508090551,0.26982202643349756,0.2376979453424504,0.27612220397336057,0.2218115977699395,0.2706054678515311,0.27089430973348255,0.25154083776006275,0.25699535893549813,0.2577229743606719,0.25975944269832896,0.2572746775586319,0.2640996858101604
1311,0.0,1.0,4.0,0.5,1.0,0.1,0.23333766498867473,0.26892007639843024,0.2400680591980801,0.2678805122865877,0.26145829919531144,0.251594585009398,0.23500195379101615,0.27140558198626685,0.2548812243505442,0.25313296356735826,0.2485283136000035,0.24140909625037166,0.24858998764747567,0.2667285368327661,0.2539956768005427,0.2695409742683328,0.27470485065901207,0.26396419049528336,0.27051374395780736,0.25584464721115785,0.2762324872753628
1312,0.0,0.0,4.0,0.5,1.0,0.25,0.2261361800999207,0.25014097663164275,0.25044392827810863,0.26696347297906764,0.24810043220128086,0.25713482329355347,0.23370881789087944,0.26094383030058976,0.2727146539559423,0.2533853305568882,0.2711900986768394,0.23000104759379097,0.27330880758789505,0.2625023201439679,0.2629776955342838,0.2697952377176414,0.24833829987304415,0.2518917070797386,0.2685077153169982,0.2620530775343103,0.25978692663851816
1313,0.0,1.0,4.0,0.5,1.0,0.25,0.22612898147323576,0.2659773674574637,0.2771519795198359,0.26182938517213794,0.27506589273166,0.2624462963237322,0.26268405837163383,0.23847122984077831,0.256157455704153,0.24105118962115493,0.23890164498130875,0.2475066814635951,0.23628555323015854,0.25762743786525477,0.2649730667097575,0.2751802372461328,0.26825599696247865,0.24516098033342523,0.25191239397773413,0.27042469770361516,0.2497733942612048
1314,0.0,0.0,4.0,0.5,1.0,0.5,0.23345268781293735,0.24662527718515442,0.2660266404820438,0.24014089891659868,0.24890379890863304,0.27987828845668555,0.256005711209718,0.2524006961158193,0.25477410259993394,0.26626681320485834,0.2510493750753627,0.28109268865031684,0.2455669152033647,0.2559398521307492,0.26261674168469373,0.25213608462583664,0.2574068308650167,0.25147853436217293,0.24899690594282847,0.27070653084140356,0.23909782153045234
1315,0.0,1.0,4.0,0.5,1.0,0.5,0.2336235988153364,0.24451764374375817,0.2644903259190179,0.2492874433848395,0.2715634604338787,0.27305552444349585,0.2288837458149535,0.25738060510912125,0.2662874489026553,0.24072865685345815,0.27271580613881585,0.26809723415299913,0.2828358074530789,0.2690372210419365,0.24125673363401612,0.239110260731153,0.2378312775016027,0.2768039032364831,0.24239614123414996,0.2545631721959185,0.2554680975558193
1316,0.0,0.0,4.0,0.5,1.0,0.75,0.230893604682159,0.24549391066270082,0.24432765408297782,0.22970152820608264,0.25674388711082763,0.25853479062443924,0.23996676418579746,0.22371423841124177,0.24371159337909695,0.23310987925842866,0.2572103755635148,0.2565010641826179,0.24365664895594435,0.2718107000364323,0.2573089033793959,0.27384803744225483,0.24338660045199062,0.23760800349827324,0.2525679784627882,0.252107700539746,0.24111492353209832
1317,0.0,1.0,4.0,0.5,1.0,0.75,0.23097236791140896,0.24257970319307343,0.2525845393823419,0.26370992931312287,0.2515068920896821,0.2519511937150252,0.2518587617986555,0.24356962329391454,0.2503860050437638,0.2490411314416998,0.24098387412883635,0.25591687551727543,0.27249312971446366,0.24969416850892154,0.2500516969481489,0.2543871237498063,0.26670279162456456,0.24338518210370375,0.27688464428179227,0.2492433544809647,0.25589700095682827
1318,0.0,0.0,4.0,0.5,1.0,1.0,0.23210394420691546,0.25302600990934443,0.2381305451377126,0.23336700657849013,0.2850429574450177,0.2614493486490176,0.2609249523510123,0.2598313622349441,0.2656913956455014,0.26322613006849094,0.24057084348763752,0.22532362651192134,0.242308291833145,0.26818589623298483,0.24728512014650028,0.2537339280867908,0.2628152736697284,0.2801118724227836,0.2697015676072551,0.24805081921193342,0.25766711162924477
1319,0.0,1.0,4.0,0.5,1.0,1.0,0.23217789095413108,0.23836329000440856,0.27455885092122323,0.2652391001495172,0.23914161594438565,0.2465898356358649,0.28692301118147434,0.25469312543195805,0.23195761240541934,0.24905980758403007,0.25037796086331887,0.23569343099844087,0.27719476140849225,0.258674086456516,0.25311037558088667,0.25584060180085,0.2545240684749939,0.2637967596266615,0.2520533229347959,0.2422990970050734,0.2726908678300729
1320,0.0,0.0,4.0,0.5,5.0,0.01,0.29993189838214174,0.26845582078974767,0.2808463961552445,0.29170389021851945,0.27310902688360583,0.2810957279531502,0.2592636893188404,0.29647539543711,0.2879036490752093,0.29973834320452,0.27488274910171095,0.27380034943264553,0.26998639624420123,0.27897582818322997,0.29200262254444653,0.2860655382304352,0.3170925601117693,0.29169024910634905,0.26814412749822913,0.2779534489193485,0.2942634055447466
1321,0.0,1.0,4.0,0.5,5.0,0.01,0.299956638354492,0.27367551716195065,0.28368208466287953,0.279395117596105,0.2731477276295964,0.2664176832603122,0.28314978006329755,0.26628961946195456,0.2715775744302051,0.26956676359865367,0.33072147756044196,0.28366026164623104,0.26692207174330407,0.28044911650956794,0.28564857281529105,0.2926388806364914,0.2953951331853242,0.30389340943197524,0.28636775227856465,0.281880325306771,0.2768355172787555
1322,0.0,0.0,4.0,0.5,5.0,0.1,0.26312715268980463,0.26221416672219344,0.28598807713963614,0.28278998096619884,0.2822759277437316,0.292094119735566,0.26579375173667874,0.2819687715689668,0.2866804889422861,0.27415036382582675,0.31195352188628156,0.27201712949065154,0.24677203791282404,0.28346597885616764,0.337762027856295,0.2683316758004674,0.2639291772516334,0.26243796826885174,0.27808313907186877,0.2872873774331752,0.2699450377798316
1323,0.0,1.0,4.0,0.5,5.0,0.1,0.2630579902752136,0.2610937353969217,0.25166300422925664,0.26850480968956697,0.2732284158910088,0.2879091895933548,0.2721741547739404,0.28238615528958816,0.2718024038216692,0.2650437188854446,0.28189513294099117,0.2890598904580733,0.31511529134458705,0.26511837273136896,0.2988843119548082,0.2991530614815907,0.2443035310642419,0.25245682908145195,0.2878687575069617,0.2773879753894281,0.25913557655744146
1324,0.0,0.0,4.0,0.5,5.0,0.25,0.26323192580347016,0.26632631705407467,0.2914026034958374,0.2880243579363315,0.2464608093485329,0.2383929491302965,0.24973040984847922,0.27517010413529497,0.2690415156761987,0.2561798511600991,0.241536879963798,0.24532567457464396,0.2689947354508434,0.2872758662392034,0.23542912936153634,0.2486146198383411,0.2623815296716327,0.2685969781598378,0.24251577166985788,0.2482706060534849,0.288504594287036
1325,0.0,1.0,4.0,0.5,5.0,0.25,0.2632763474074623,0.26105322533743486,0.24515228773522904,0.2442462869019489,0.2421908390757196,0.26520334550553837,0.2604693117136305,0.2571293027777723,0.273270428837202,0.26595720651094507,0.2866656685648737,0.2705156973129925,0.2789746087284744,0.24792423444859524,0.244837075221339,0.283573528232458,0.26164440905111536,0.26851020966016137,0.2645898235103754,0.26137542399397046,0.25564472225446594
1326,0.0,0.0,4.0,0.5,5.0,0.5,0.20878783702546963,0.2545064436337233,0.274869874618514,0.2354185870038771,0.2719018547505921,0.22281742685421058,0.23685098774197694,0.26802842909317925,0.24716413695294095,0.26480681642719983,0.26271417682401377,0.23553825677363346,0.27788532095299334,0.2542552766231403,0.2690514739081395,0.26081153550942593,0.2616414044551257,0.25363181142828045,0.25491349565553184,0.2843457062757139,0.2561044275005051
1327,0.0,1.0,4.0,0.5,5.0,0.5,0.2086557261918304,0.26694552468046534,0.2528486228068864,0.26318078435033665,0.26174611295990563,0.24881595825313735,0.24564073714551904,0.29677824148568077,0.26790064628648524,0.2804863168858462,0.25624004475630674,0.25229618026689465,0.2596852618562769,0.24431684644897772,0.23327026201794715,0.2414577710138622,0.2274236766654778,0.2659166268039956,0.2785581091132117,0.2777665739596749,0.28144622227679156
1328,0.0,0.0,4.0,0.5,5.0,0.75,0.2227317966140371,0.2554485360757235,0.2635359723066823,0.24997337112160795,0.2803076825172899,0.24819309257914965,0.2570747524596701,0.25313215124812244,0.27051092117625747,0.23680305690645295,0.22897106766205533,0.2425509352901314,0.25376278692398846,0.2774773367795983,0.2600249711076129,0.25240661773463363,0.24562921469244092,0.2491458896980721,0.24417868049430327,0.2587795561005941,0.2316155535337121
1329,0.0,1.0,4.0,0.5,5.0,0.75,0.22276751993881788,0.24386990431563,0.23663266760796128,0.2837546954700816,0.26057851457817816,0.24599149775212892,0.254333545068252,0.2465980665334717,0.24081988918069777,0.25995355306296364,0.2705071053695393,0.24990869712794753,0.26573851830854045,0.25865740432474305,0.2640135140063282,0.24375748152454757,0.2367449762220561,0.25603414348635123,0.26125205774286303,0.24853871692869725,0.23513802950535606
1330,0.0,0.0,4.0,0.5,5.0,1.0,0.20559566718056116,0.27081816459448493,0.24984145862282103,0.25923164595978626,0.2604121584091239,0.29550283562697877,0.24587827012258823,0.27131452335399747,0.28408796520908364,0.2456613124569096,0.2683404397859201,0.24182639997458685,0.24670866286881843,0.26458541404145547,0.26323599332193126,0.2791044106333504,0.24468844942874157,0.25209478391467227,0.24285374751322925,0.23435275689246374,0.250209482626366
1331,0.0,1.0,4.0,0.5,5.0,1.0,0.20564263631499927,0.25909464081975064,0.2545795664633183,0.2708065851234931,0.2538463385532294,0.2490636992988257,0.2419046984172156,0.2670222162958545,0.2528407887781087,0.22170111185996103,0.24307088889703096,0.2761167067481267,0.2499936558985406,0.24233122584849578,0.2554089891762008,0.22409845065063755,0.2438816306872431,0.2619688767465752,0.2769808628755346,0.24838589958276608,0.250854637984496
1332,0.0,0.0,4.0,0.5,10.0,0.01,0.3612656493554462,0.39650745127235343,0.41384780841148205,0.3733273511641796,0.4195282790838493,0.4375107554767688,0.37505507232091884,0.39759353128857294,0.369391986252934,0.4198918582663453,0.4037451567203421,0.3968086959335906,0.42245370070712723,0.3670981801010123,0.3803904885615969,0.3780420777663815,0.39362003146444313,0.3686150063101975,0.40580377090615505,0.4203223714213311,0.37648125416014766
1333,0.0,1.0,4.0,0.5,10.0,0.01,0.3612832122461787,0.374139643515696,0.36902063457647966,0.386214844245953,0.3553631041910786,0.3930519808767656,0.3934684920598126,0.38054503157515374,0.3841293617764034,0.3640025117925098,0.38483938669930967,0.3783704504215032,0.39787399503206206,0.3935096453076635,0.3695087278687485,0.3897719549096422,0.38021686801178856,0.39011272255839186,0.3892090444447529,0.42348727030717764,0.3441712762813386
1334,0.0,0.0,4.0,0.5,10.0,0.1,0.34050428664737176,0.329556407856634,0.32898947063148826,0.3313742034340811,0.349848035272977,0.31293422873575544,0.31152635420084,0.34464670452999496,0.3237767725423736,0.3490963028217704,0.33413325089751666,0.3216649587062287,0.33857796033260085,0.33623542044124255,0.3455024993888129,0.31469074365367017,0.36388887950311355,0.35195820032932623,0.35142732606087457,0.3259186223308559,0.3214528027145635
1335,0.0,1.0,4.0,0.5,10.0,0.1,0.34051513845778103,0.34090548754220545,0.37706130988610914,0.3127296269571779,0.3451436111525614,0.3507063833800269,0.32857237332554706,0.33166131520271064,0.33432948994437456,0.361911385190179,0.3227717973752101,0.3475333070759271,0.35462853628479,0.363043594281438,0.3471249665864832,0.3168444992071367,0.3532877412540138,0.3717987007354912,0.34090662850479586,0.3102267678610371,0.30900383492197886
1336,0.0,0.0,4.0,0.5,10.0,0.25,0.285675326599828,0.3119813740367697,0.2899145126970866,0.28189620984938746,0.2951437749072053,0.3120358404166287,0.3032114010508218,0.278855024527209,0.2993703962481922,0.2999179274974917,0.3321549244056545,0.2942922305369215,0.3149658756223932,0.2639038720848566,0.2923946636883559,0.3427188377218998,0.32200174080003413,0.28856129513925005,0.30494236430756716,0.32164011146818183,0.2781134676959874
1337,0.0,1.0,4.0,0.5,10.0,0.25,0.28573078534340496,0.28905105816674187,0.26457468225947506,0.3072472157359546,0.31099901007734254,0.29461772219879806,0.30212634179315034,0.2922993088310206,0.2745045585393805,0.2856271468088563,0.2965150547757458,0.32046776959226303,0.25763727034146006,0.2947764498414308,0.276629576222684,0.29173441386461474,0.28521562860219657,0.2681163697158325,0.30864385551583734,0.28535010671446515,0.3118850573471966
1338,0.0,0.0,4.0,0.5,10.0,0.5,0.25429153135718574,0.2605874427093193,0.3082680953517187,0.3177266097427803,0.2674956722328167,0.29670945124398834,0.30275926771424955,0.2706549892973292,0.23905487856912355,0.2592837330330839,0.2901205066832107,0.25710545711463567,0.24840507212144486,0.2418953990963626,0.2689524692915853,0.2668527890519683,0.28023601974878304,0.26561213420089314,0.2872512656203041,0.2592688103139656,0.2917859902285588
1339,0.0,1.0,4.0,0.5,10.0,0.5,0.25421236389953056,0.2500164338155545,0.2891017190891277,0.2836247448756514,0.27021887488662016,0.27673912596232386,0.2637716965770539,0.26581932093399757,0.26705856023068725,0.2465645882419296,0.27449500088094664,0.2608895771839837,0.25941778512543995,0.26821927143122204,0.26756123427530254,0.28853741004076355,0.2598955049384082,0.2646255700836485,0.27302889560801274,0.2691583610897151,0.2816350632045949
1340,0.0,0.0,4.0,0.5,10.0,0.75,0.25144730980196084,0.2385372887524708,0.28640748453999854,0.25766756314127465,0.25189730983427133,0.23456626975869657,0.2607729324762638,0.2616904046337381,0.2720383109395693,0.26985884874528293,0.25360632159638236,0.27445708273187336,0.2397353339605007,0.23049617176898943,0.3032835153274566,0.2699796768636091,0.23872510928519386,0.2577707508612195,0.25404386964138886,0.2584090630819762,0.23327784253291298
1341,0.0,1.0,4.0,0.5,10.0,0.75,0.2513848720561356,0.2509481928095829,0.24715242783827543,0.3020385063621821,0.23588991210243804,0.25846799991004865,0.2518818624271229,0.2625160395830308,0.2716540269198339,0.25895227352012534,0.2473866849540831,0.27889076122846107,0.2583840786243915,0.25765806814421355,0.25125964241606313,0.2861231668301968,0.26549874033138077,0.22965442296467053,0.27001199619147553,0.2751043738011794,0.23001624141076385
1342,0.0,0.0,4.0,0.5,10.0,1.0,0.24481356727584822,0.26105340472040933,0.23806023193848647,0.23687132013963028,0.26583259249425584,0.24529834815116236,0.2555374168499891,0.23201477727724942,0.23285450668718696,0.25477502682881625,0.24871456835671898,0.25319116352253024,0.25071264826215145,0.27234172415013097,0.2648462493863024,0.27717064080215814,0.23808321575379632,0.25182484292245483,0.2632818793457666,0.26582683758419245,0.25778182067629524
1343,0.0,1.0,4.0,0.5,10.0,1.0,0.24495408653371606,0.2561515615161964,0.23060425264022605,0.22816189090580224,0.24087461141262578,0.26013861129955484,0.2519625326241023,0.293506307530976,0.257058977451289,0.25862219302511286,0.24583493918288815,0.2575150933164833,0.2383856530885273,0.25410753857395396,0.25818837254344834,0.26808085167464535,0.2579645841875059,0.2823047745839891,0.25222488215073235,0.27321326190781775,0.2583368044601783
1344,0.0,0.0,4.0,0.75,0.1,0.01,0.5346759084207882,0.5914850888910661,0.5879201654710845,0.5482575034572778,0.6070828293978588,0.5483554725500438,0.5405303658222731,0.5133534878872195,0.5884278422362577,0.638024963033647,0.5744216758583127,0.5486764052637332,0.5711038381427729,0.622142319960494,0.5501171351979288,0.6117602082833901,0.582860358861658,0.6012084164996291,0.5951612976605815,0.5370612495838852,0.5222337722408854
1345,0.0,1.0,4.0,0.75,0.1,0.01,0.5345236526432003,0.579168169621997,0.5089246183492752,0.5676472632646153,0.5750056804973422,0.5829350176854374,0.5275816164415066,0.5473687283540761,0.5709661651499128,0.6061687919976435,0.5328302985867788,0.48153149508002624,0.5448596830716159,0.5896929607981481,0.5343438033749224,0.575531487237484,0.5861866581207597,0.6664907065829929,0.5886715887579314,0.5923773258925288,0.551141104631689
1346,0.0,0.0,4.0,0.75,0.1,0.1,0.5519332490580079,0.5688222775351961,0.5694830095198231,0.5811739302198412,0.5936158514311491,0.6134692005445528,0.533653180122271,0.5398413600715573,0.582610857509614,0.5255872270654717,0.5945931472396827,0.5309317228617993,0.5603842865176515,0.6118615096670362,0.5636219469475873,0.5798923816351228,0.5899035737223508,0.5832354012634758,0.5816249824387,0.5965707227222822,0.5826836677069281
1347,0.0,1.0,4.0,0.75,0.1,0.1,0.5520402125037958,0.5256499545136312,0.5542855115885943,0.5002399507646099,0.5875099936832314,0.5805925039205041,0.5588972504232094,0.5704521682214841,0.5385063270030017,0.5225741605937669,0.5716702326125611,0.6012865232894321,0.5598675032118731,0.6288457482248723,0.5150506958276453,0.5916864820620779,0.6036255090394892,0.558222890853064,0.5758767800769647,0.5669460029370532,0.6498461314271892
1348,0.0,0.0,4.0,0.75,0.1,0.25,0.4881991423758125,0.5344444662287098,0.5142577964669254,0.5881127756147889,0.5233648254893319,0.559181901046981,0.5761166270398599,0.5956671502797118,0.5669767898505468,0.5668625961449034,0.539375372982912,0.5387514489157893,0.5218221890769993,0.579575880760267,0.6385133145156877,0.5824204258359518,0.6295162076412835,0.5787585750755199,0.5404046908309835,0.5426187512366728,0.546486275556148
1349,0.0,1.0,4.0,0.75,0.1,0.25,0.48829374333651776,0.5778688526139455,0.6046044986515486,0.545378278546761,0.5454900640312862,0.6061638352246138,0.6019427103110784,0.5349942350531097,0.5666361287807151,0.604231503624959,0.5731602988961253,0.5965164379043243,0.6073498747251331,0.6353767141847673,0.6081201856034195,0.5218615234948518,0.567173775761312,0.5403968586672667,0.5755087647918921,0.6660830115394476,0.5702334400315066
1350,0.0,0.0,4.0,0.75,0.1,0.5,0.5063274460987174,0.568081636827795,0.5838107615964454,0.548063659693482,0.519732757543357,0.5943181705257092,0.5310812268074211,0.5198327535039857,0.5727471513973779,0.5404664390528502,0.6072319619826105,0.591303806770664,0.5829752945934744,0.6077352044959724,0.5954322834468824,0.5610407245072401,0.5923916602081101,0.6085921496829861,0.5873010542711352,0.5388858570952277,0.6330162682170523
1351,0.0,1.0,4.0,0.75,0.1,0.5,0.5064091995299055,0.6011984427978053,0.5289635682777998,0.5998651087732947,0.585292913151418,0.60262917352564,0.5739384748304633,0.658681492463327,0.5369544602333501,0.5642734841758063,0.6256974680092023,0.5730128456679547,0.6384547351716154,0.5519775402832083,0.5000023145828049,0.5469613258648263,0.5803572491741253,0.5649251998368269,0.6162377929440781,0.572701882160606,0.5833750009485752
1352,0.0,0.0,4.0,0.75,0.1,0.75,0.49433118753367816,0.5570422164098673,0.5900120124682581,0.5757944908735084,0.56804243113395,0.5825711670692298,0.529606897254812,0.5976521854862072,0.6213177778245104,0.622412563343371,0.6076049944143881,0.5762618072886471,0.6052820589046216,0.6036409658152353,0.5790756731117899,0.5681869239560124,0.5770362200234378,0.557616810341782,0.5381601266932529,0.5788670752681757,0.6021259615423064
1353,0.0,1.0,4.0,0.75,0.1,0.75,0.49442769536440645,0.6407972346751118,0.6088028887228837,0.5845877806484573,0.5189815906765695,0.5920198304258029,0.6117650928287903,0.5478048807511932,0.6144817023523026,0.5825029060149197,0.5839539796371542,0.5332178652615684,0.571202696140236,0.5870963908949202,0.6022863941486986,0.6108178276539101,0.5648194938931996,0.5171635936520371,0.6259432552130062,0.587180614281187,0.5571295899925781
1354,0.0,0.0,4.0,0.75,0.1,1.0,0.5350483601787271,0.5377526150768881,0.493727819234488,0.6171264066510267,0.5886652126854742,0.5621319449705059,0.6459772319213747,0.6135349329288163,0.5838092920308671,0.581630688353546,0.600088355868784,0.5671077780829044,0.6179868811762766,0.5739288813995587,0.6097396325225456,0.5800818572974574,0.5818207771504158,0.5623758459138628,0.5954690730397971,0.5852352393364565,0.5401778930561438
1355,0.0,1.0,4.0,0.75,0.1,1.0,0.5351720745027384,0.6094202178740957,0.6130834703265767,0.6204195387231314,0.5971994593119494,0.5345093549551053,0.6229474291920922,0.5896130443695379,0.5398664616126846,0.6447825989574946,0.5802211814580376,0.5902679727867438,0.5770908708727682,0.5509085380603322,0.5854765906823525,0.605983591131318,0.6010204420115707,0.6159290213414043,0.5554359985190238,0.6217953560187791,0.5299786057871612
1356,0.0,0.0,4.0,0.75,1.0,0.01,0.5142360319093764,0.5495518315504069,0.5710721538287625,0.5602830819564779,0.5529171318767124,0.5508391896863939,0.5739765426329526,0.6251081485959137,0.5621444170536146,0.5556115496691743,0.5951859886487939,0.5651485709463362,0.5532193582654977,0.609733274089621,0.5514104577513507,0.5715464225433856,0.5703038915431727,0.6100280148403076,0.6389165630271963,0.5299973752606078,0.5635904171530721
1357,0.0,1.0,4.0,0.75,1.0,0.01,0.5142624100451882,0.5001759834021494,0.5744717425962377,0.5875986517016142,0.572175788456224,0.5486706388348401,0.5152487910844454,0.5850674301898227,0.4954894116243111,0.5846769847762079,0.5893686129028034,0.5659508284799356,0.5381550595721246,0.5741336891922721,0.5487666898366486,0.5717979179100976,0.5544473757807645,0.585195639315267,0.640462484918533,0.4889546915057121,0.5497834782243758
1358,0.0,0.0,4.0,0.75,1.0,0.1,0.5373841891661977,0.5883689907963102,0.6409048032398524,0.5976514524439064,0.5851231146439805,0.48212644676591715,0.5488442368799351,0.5942607302298331,0.5589074215399367,0.5681678530046212,0.5980067510184696,0.6328684951390322,0.6587228947968776,0.5736422859150052,0.5929886047398463,0.5756280578419638,0.5822472021911571,0.5615922651824323,0.5820479267508678,0.5750827952412144,0.5477499595960432
1359,0.0,1.0,4.0,0.75,1.0,0.1,0.5375916604014798,0.5896453043250256,0.567345221788933,0.5471135368960558,0.5391040177883105,0.5436440211576496,0.5634404430265407,0.5720102204314303,0.629505434732305,0.5952868326629649,0.5506165440832187,0.5645625025512307,0.5497277712948762,0.6322018305697077,0.6029031665079815,0.6052068394437039,0.5726786402256813,0.5694297962009922,0.5784435983612799,0.6051007962566435,0.554839575673902
1360,0.0,0.0,4.0,0.75,1.0,0.25,0.5307176749221703,0.574069747078598,0.5707049647207411,0.5655140647145402,0.5852036063391799,0.5541916414584408,0.5738405208323858,0.5536911824094725,0.5576940415025345,0.5365503595633172,0.6078214436563067,0.562793193523089,0.6172988753858488,0.5964910993604025,0.5180282708161885,0.5341636915049057,0.5553946553630451,0.5829789885013746,0.5549684767129783,0.6014910742631309,0.5036828942549708
1361,0.0,1.0,4.0,0.75,1.0,0.25,0.5307676990300179,0.6138094493956003,0.5811462795558408,0.5487847120638875,0.5619419209587191,0.5788657435186806,0.5287202262362983,0.5925171682297646,0.5910414714017502,0.6203692514563689,0.5555881556858813,0.49836134603939447,0.5765913651208339,0.5542326658740638,0.6709654160199312,0.5746557028512369,0.5900270248606407,0.553806635126446,0.5646657738798896,0.5752742190613817,0.5597582129889828
1362,0.0,0.0,4.0,0.75,1.0,0.5,0.5010678466574742,0.5575922004616295,0.5808834808050367,0.6122142003114515,0.630217886433075,0.5476581617270867,0.5351212499720799,0.5453209140653201,0.54528625273451,0.5455128290711347,0.5637622011706036,0.5549159996323265,0.5993017907519842,0.5053806239299644,0.5531361867530519,0.561357964001571,0.5707318526453519,0.6167483907698568,0.6126177938498223,0.5749970766130466,0.5782221941120841
1363,0.0,1.0,4.0,0.75,1.0,0.5,0.5011582436254539,0.5533696737051279,0.553491047012815,0.5978047271161379,0.49863994658272504,0.5699253628668437,0.6278639588450745,0.5048018893543411,0.5980592036059489,0.4984954743631324,0.5107773379629147,0.6094393753559362,0.6189760882950881,0.6004772056103463,0.6172667452129316,0.5500146601621362,0.557609473959005,0.534718592798116,0.5294122483571817,0.5268367987991921,0.5549240395138915
1364,0.0,0.0,4.0,0.75,1.0,0.75,0.49174399009619746,0.6115302404663128,0.548004244128653,0.5482511054363299,0.554128998763499,0.6042841827606983,0.5826249515667183,0.6077720009703075,0.5519165674593304,0.5961007141837662,0.6267384552467493,0.5782958646916794,0.6293602627257011,0.6408631221782747,0.5373105263189536,0.5329885802844068,0.5522997042267412,0.5760164292230447,0.5862559056028562,0.5757255587632597,0.6065082647969636
1365,0.0,1.0,4.0,0.75,1.0,0.75,0.4919331940485885,0.5237936692030752,0.5560080626673188,0.5627710145609608,0.4969019423482482,0.5901508837258314,0.5913040923351282,0.6187072393544915,0.633116010543934,0.5590693510763316,0.624302182010365,0.5820604532885342,0.5733217821927403,0.5478575721539893,0.534679114581086,0.5579134690457733,0.6006807010766817,0.5375211330485917,0.5490275655892868,0.5693871098202017,0.603758104605625
1366,0.0,0.0,4.0,0.75,1.0,1.0,0.5154264950330747,0.6077417079984132,0.531331496062493,0.6206148382700972,0.5843623007345752,0.5747758537028628,0.5830224054210663,0.5726868763538985,0.5272471830871733,0.4928622982641577,0.6011306042936969,0.5229210707706917,0.5802702241741919,0.5291844512712205,0.5850443382450262,0.5652602656472172,0.5161284799019746,0.5281323354921115,0.5509312021935139,0.5898640597923495,0.5936872195238609
1367,0.0,1.0,4.0,0.75,1.0,1.0,0.515574889256304,0.5701354710016223,0.5483259753784434,0.5929126317729424,0.597600854317927,0.5985453366222753,0.5208295311525893,0.5603421488111224,0.6037850676858416,0.5595066405785319,0.5896468092586747,0.515289755667518,0.5944483205320521,0.5113341796263254,0.5304581549980969,0.5920309553923485,0.5238967391360662,0.570040271654907,0.567274484216814,0.5218509654044726,0.5633306587854707
1368,0.0,0.0,4.0,0.75,5.0,0.01,0.5863933619487941,0.5517088023840053,0.5839237756121598,0.5511638882675081,0.5968231108771516,0.58547622038181,0.5469182698110382,0.5952122693494021,0.6138067622682404,0.5929335656876517,0.5543890438815589,0.5982921987026096,0.5810354083900294,0.6100346044580022,0.7147313311427967,0.6294596120232365,0.6165009794042032,0.611168040559094,0.5974581764381472,0.5752635282018466,0.6128347297600503
1369,0.0,1.0,4.0,0.75,5.0,0.01,0.5864682368272167,0.658159368125979,0.5403094397298511,0.5981763877089213,0.5754680698322336,0.5471347153739387,0.631072495271577,0.6481307888213663,0.6363441799073122,0.6179234688282786,0.6315604951108338,0.5807968540706449,0.6151581364202889,0.6354598786341693,0.5460973342196117,0.5977725650666628,0.5918087102208683,0.6206488464846359,0.6445931053502586,0.6328975752995004,0.5801509919020263
1370,0.0,0.0,4.0,0.75,5.0,0.1,0.5594029763222401,0.6054753325997881,0.6395027234742973,0.6068241990087321,0.594398633119427,0.5695620133884463,0.6051287313822008,0.616818042586677,0.6361332453242668,0.5626858036811625,0.6450537430862446,0.5427320589481754,0.5993409692073562,0.6344827139377209,0.5828496434946413,0.6113199912900694,0.5551757363034285,0.6004616301853777,0.6028588176718525,0.5590612983876168,0.6294428611393387
1371,0.0,1.0,4.0,0.75,5.0,0.1,0.5595198077270367,0.5944256032581988,0.5587926543924105,0.5272823105347214,0.5831355107566351,0.5913719032027759,0.5707616500681558,0.6086096596637351,0.5514897071316078,0.5607024251837592,0.6310286085085786,0.5762360771750659,0.6377352259866684,0.6079572795525131,0.5881877810650813,0.6429710945228744,0.5961033205073641,0.5367942629398798,0.6232135207012065,0.5349087308195043,0.5700718219990478
1372,0.0,0.0,4.0,0.75,5.0,0.25,0.47981194664081167,0.5430159693662832,0.6267755458643529,0.5346806601369237,0.5888426330999846,0.550826898024006,0.5632009071292883,0.5526707958951237,0.5771434714281317,0.5843668894038455,0.5733267185737082,0.5726639307960991,0.5606970590810649,0.5233471265127391,0.5484888748845448,0.5749266858220832,0.5453204693511959,0.580816967772076,0.5619993501767996,0.6162930929410737,0.5688329812947901
1373,0.0,1.0,4.0,0.75,5.0,0.25,0.4798360453898632,0.5857426432967058,0.5535056578950149,0.5530696478700371,0.5890933597260141,0.5887286090995832,0.6020323078832038,0.5413051486912175,0.5867740669669903,0.5454035522425842,0.5158890249668832,0.5811333269819188,0.5995003751276212,0.5831772012549099,0.5242125203370688,0.597947146123076,0.5421225800408492,0.5911775089233353,0.6231071345529082,0.5809937763836664,0.5721672483131555
1374,0.0,0.0,4.0,0.75,5.0,0.5,0.47888739217247983,0.5780676834457674,0.5450512385923627,0.5815355519093196,0.5457842023794703,0.5880882362888239,0.6256259153502957,0.5554625148222981,0.6041096228555866,0.6254857464627028,0.5493952141637758,0.5789896131412839,0.5238471995575573,0.5346256115093942,0.5709652674764593,0.5758996215775224,0.5523815628499505,0.542195557734121,0.5231347263537715,0.5224459744891886,0.557624919234021
1375,0.0,1.0,4.0,0.75,5.0,0.5,0.47908748969722526,0.6247731410985014,0.5559475591883783,0.7075563340767284,0.5543958612686686,0.5342204172062945,0.6340405067064743,0.5888203172624052,0.5232156966313815,0.5197838199933068,0.5311546244343919,0.5915970344113406,0.6408939460440648,0.5695394616610382,0.5618409991690387,0.6282258017194347,0.5686373318861825,0.5426969278844576,0.5848426606550521,0.5731837196051405,0.5623733890716418
1376,0.0,0.0,4.0,0.75,5.0,0.75,0.4977452754175762,0.6516974381065366,0.5546135097420429,0.5847769969512434,0.5778877136326555,0.6117902807670543,0.5591107414870516,0.5535986695378263,0.6342089690739038,0.5584853548834071,0.5480987823274125,0.5445721114315895,0.5503545781818919,0.5722404642668449,0.6485971746651223,0.5877210767065606,0.5861280868721436,0.5594678979828821,0.5591747717446814,0.5481669595489511,0.54626935313382
1377,0.0,1.0,4.0,0.75,5.0,0.75,0.49790716952999875,0.5734637568853655,0.5801374867598024,0.5091265777078977,0.5442689899987884,0.578388798899771,0.5690963235675252,0.5725713638222844,0.5269935869786769,0.5833847321032396,0.5687022610047614,0.5568377148472866,0.5467021833403731,0.5404826307018832,0.60710359209825,0.6269328141526586,0.567544471187686,0.5743747133466005,0.6231249249011421,0.5870577822454119,0.5341020139414414
1378,0.0,0.0,4.0,0.75,5.0,1.0,0.4973150817453444,0.5480568563423056,0.5567455890462605,0.5918269807868289,0.5477110767443668,0.6113009744230067,0.5588370598267491,0.6541081559233951,0.4887540568548282,0.5345637249755967,0.6033322255396304,0.5384352994679117,0.56551792562015,0.5524623671321995,0.6409807883727877,0.5899801019346892,0.5874021748927383,0.5675367079609852,0.6161229204314741,0.5466281749129779,0.5556766286243774
1379,0.0,1.0,4.0,0.75,5.0,1.0,0.4974729161163583,0.59469908873207,0.5489037918861679,0.5917227927469023,0.596932372793847,0.5487185509047721,0.5753391885748754,0.5434620649710452,0.6346586151817851,0.5846612178976375,0.5616702720681825,0.5128986549134694,0.5514749042770188,0.5267944224031711,0.5985402793251405,0.5474136676499376,0.5569568558507695,0.6007282610885682,0.5813463963740642,0.5792264985981368,0.6472810742396462
1380,0.0,0.0,4.0,0.75,10.0,0.01,0.6329955017487056,0.6826790343296328,0.7368696843625087,0.6890276216469119,0.7541204457765904,0.6610383412121091,0.7654636975746915,0.7530185718975189,0.714943452710465,0.7760421960786347,0.7247060026332579,0.7131482508348282,0.7040085731204364,0.6907695788630533,0.7106652415582668,0.7282499015318477,0.7419918778162097,0.65672634526919,0.805229158285268,0.7502742503169731,0.706914462022619
1381,0.0,1.0,4.0,0.75,10.0,0.01,0.6332258308766614,0.7077952897236591,0.7095898635619986,0.7032328137442725,0.7403508713066632,0.7394850222383866,0.6675054294519203,0.6988488193274712,0.710604593773475,0.6963949389502959,0.6596361571246458,0.7513451042187811,0.672445478220082,0.6822373247471311,0.6782202457403077,0.6737917464734764,0.7171652674751109,0.7162300018737664,0.7947118518999032,0.6924967402199886,0.6784966172623005
1382,0.0,0.0,4.0,0.75,10.0,0.1,0.6252045383591737,0.6608996474111445,0.6662257993208099,0.6981089151456623,0.7206019678894038,0.6624254645707667,0.6652052675744495,0.6608950095107551,0.6196613178898842,0.6549204109586317,0.6318550384086633,0.6978990302911757,0.6814771117620477,0.632342248756791,0.656197370139942,0.6737858066416939,0.659487028756023,0.6609200899184107,0.6489804257907695,0.7178989313858203,0.609243087309277
1383,0.0,1.0,4.0,0.75,10.0,0.1,0.6253323657880091,0.6382964554965358,0.6492923932947433,0.6320264638598007,0.6781874019873185,0.6415722429931598,0.6352740378551323,0.7146483770176754,0.68535864132448,0.7009497023255526,0.6227029118755103,0.6794111009441355,0.6897168868071547,0.6726346421686407,0.657382814725907,0.6559266980450382,0.6741696505093094,0.6064302962004607,0.6363031116914506,0.6587440861876454,0.6068946415372672
1384,0.0,0.0,4.0,0.75,10.0,0.25,0.4894138210076383,0.659617792973662,0.6029156878186169,0.6129698687843549,0.6846046038272943,0.6230523116681302,0.5917926996072326,0.6422952643747448,0.6879637227513493,0.6730338751008312,0.5968872876874182,0.6017051436057463,0.631864108780943,0.608753434982893,0.6510305057362471,0.621289309474054,0.5925854134831233,0.6215715407642679,0.5580015135253968,0.6304085627914348,0.623822083106176
1385,0.0,1.0,4.0,0.75,10.0,0.25,0.4895598615035999,0.6524574242478689,0.6277784106898336,0.5969957172073891,0.6353314040190732,0.6336464329465044,0.562969463537831,0.6151739840363261,0.6342885104847588,0.6256245534375159,0.6803451139246751,0.626534798368141,0.6122558520420729,0.6517864990477924,0.6327505006723374,0.6554928444140633,0.5557764025612505,0.5879503302389439,0.5990126635946055,0.6755500330962358,0.5912911149453632
1386,0.0,0.0,4.0,0.75,10.0,0.5,0.5677902673680554,0.6077904407780986,0.6836232696825738,0.6334799613021971,0.5499568346383364,0.5934426301657891,0.5698843644534032,0.582071573180659,0.5720192079063726,0.5111913726387343,0.5652882792171761,0.6444165274807513,0.5687901807720411,0.5366194353196259,0.5915275706729548,0.5960187199173217,0.5811721445085066,0.5879996099217923,0.6038743575445198,0.6349587166226347,0.5914129706345469
1387,0.0,1.0,4.0,0.75,10.0,0.5,0.5679202793267095,0.5826965400518126,0.5898701496359289,0.619410519691875,0.6228458125919893,0.5924766509673699,0.5858243339364214,0.5291654888229569,0.616281927864454,0.5401915043997193,0.5670052205650378,0.5780197425366618,0.577485446498833,0.5482304168978804,0.5935256062803963,0.639720437088995,0.5857283303373064,0.5679985557580876,0.5680141332093913,0.6232623895559727,0.600094054807131
1388,0.0,0.0,4.0,0.75,10.0,0.75,0.5423645668741613,0.5788032476601472,0.5896992606518053,0.5548739977039812,0.549567933532312,0.5829955178087959,0.5843401851263091,0.5964919476028081,0.5957628237142704,0.5852598665022852,0.5587374461007963,0.6461077392452339,0.48105663093170203,0.5425865924612062,0.5405666081797103,0.5162787161341719,0.5828946518981621,0.5931960167559374,0.5626037605851077,0.5943491513937341,0.5835034587541919
1389,0.0,1.0,4.0,0.75,10.0,0.75,0.5423531292227637,0.5839331843777058,0.6159958338056669,0.5066669362716874,0.6065945297865308,0.58108463690205,0.5158784851103826,0.5691227172349387,0.5827602522819676,0.6522864533850359,0.5978382608207923,0.6166933376817737,0.5665992402348439,0.5620263171493769,0.5458942128193363,0.5162357571782837,0.6310966766814472,0.5094695678045852,0.5068487646774016,0.6166758931786483,0.6384829296996873
1390,0.0,0.0,4.0,0.75,10.0,1.0,0.5342643418658368,0.5735677012617568,0.5287780351985754,0.5011032320165838,0.5553034874060097,0.5576809124288359,0.5535112906319976,0.6277003809747139,0.6472720591512225,0.5442659770725392,0.6433290385533438,0.6100897990752262,0.5580531697615515,0.5323125226326186,0.5606643808591881,0.6106574322676939,0.5395644282001577,0.6002308098353387,0.6096907581054751,0.5784598764455033,0.5865158013886401
1391,0.0,1.0,4.0,0.75,10.0,1.0,0.5344380809754098,0.5853200749803154,0.5582355181737776,0.5467497496700795,0.5340944039916109,0.5512548837320262,0.5739268783033759,0.5537821795442018,0.5271788422738084,0.6392869710076026,0.5489914615371593,0.5913069842780059,0.5945276972766074,0.5871470374878255,0.6101168902199556,0.5102794318692854,0.6009806805709225,0.6109323865499163,0.5434616398884263,0.572838555453852,0.5657112252327826
1392,0.0,0.0,4.0,1.0,0.1,0.01,0.8104664749769758,1.0352873115571977,0.9612384480516687,1.0014710996954939,0.8524412227780278,1.0655986886624362,0.9111318162995105,0.9373469078632566,1.0232661957683196,0.8990600589222016,0.9693185649890518,0.9746587235082783,1.0787193826971684,0.99046411905243,1.0126863238804233,1.0240157843615703,0.9370891217470606,1.0174528345005884,0.903165588104493,0.9927557347703511,1.0280077305481177
1393,0.0,1.0,4.0,1.0,0.1,0.01,0.8107996686007688,1.0954115279377028,1.084879633732347,1.1114076705373868,1.0324349344950523,1.0740491960943044,1.0190664146024777,0.9952886789137352,0.9851867516125742,0.9787332577608402,1.0260561259472054,0.974411005525402,0.9988495869370483,0.9862243286202951,0.9804070673038419,1.0240471270465914,0.9882538792052888,1.005186764002996,1.0490526672431817,1.0730385105123936,1.0333690384193062
1394,0.0,0.0,4.0,1.0,0.1,0.1,0.8911555251337384,1.0405152186695454,1.0516734224765159,0.9656229639672059,1.0312084653442928,0.9920295525202637,1.0404993299957708,0.9784342090455744,1.0270139253769766,1.0001814774160953,1.0067488468917603,1.0385263237321036,0.8968410111514921,1.079457647312939,0.9302911354240896,1.0377898391018283,1.054996955539264,0.9974377229209007,0.92226330785781,1.0221088606371767,1.00251408536676
1395,0.0,1.0,4.0,1.0,0.1,0.1,0.8914944809178789,0.931753428670383,1.0827959295218583,1.0747091863580427,1.0299960679318518,0.9930261733126746,1.0472737161761645,0.9805418804420286,0.9701196323307537,0.9452684310803108,1.083486461095092,0.9184946734349207,0.9450627707218784,0.9495566918179622,0.9942441522273948,1.0069427586634745,1.0267153976432732,1.110384485410747,1.011985101454302,0.9331117470812195,0.9667604097651423
1396,0.0,0.0,4.0,1.0,0.1,0.25,0.8644595095675625,0.9557984002061668,1.1827125082182115,1.0773803380955222,1.0147326134352086,1.0587288076573274,1.025079940613243,1.0107008805573348,1.0042373457500224,1.0479265444225736,0.986586398300404,1.2220525649042464,1.0007942287079241,1.0100295768326524,0.9561815836270973,1.0486125229758536,0.9270376394543531,1.0286771506129786,1.0185752371724512,0.9796758249430156,0.996372743804744
1397,0.0,1.0,4.0,1.0,0.1,0.25,0.8646951949712542,0.9862966126483734,0.9733964620652977,1.0184135164124741,1.077436086953026,0.9953123380647477,1.0974757964979176,1.0116039177755074,1.039013011307839,1.01665110554574,0.9818627220074042,0.9186803663872404,0.9640776816683214,1.0553407084155755,0.8899771255360857,0.9767635694584155,1.0947199752412962,1.0061184503969633,0.8842976270153442,1.0035003198465378,0.9246971830328697
1398,0.0,0.0,4.0,1.0,0.1,0.5,0.9161370629698944,0.9792029583714049,1.0619845705955895,0.9298791214497507,1.0779449585891017,0.9433547292914475,1.061564088043226,0.9573094900979464,1.0202500279868965,1.1069624841431795,0.964409459276796,0.9647365285881786,0.9994228995285659,1.0084884111560424,0.9847837804478077,1.0534853715566639,1.024088055222261,1.0542107064371744,0.8780312174871676,1.066725171108529,1.1923110038640157
1399,0.0,1.0,4.0,1.0,0.1,0.5,0.9163336369460172,1.0126653945557973,1.0549104794157724,1.0549261981908835,1.0216694667879975,1.0716437956730112,1.062751406029041,0.9218883125164441,1.060192602508864,0.9914967817505563,1.0805696880630455,0.9932451729686705,1.0328473390913795,1.077787285604352,0.9830020784088114,1.0833098916897836,1.050645612348978,0.9552399407375884,1.1261615244324905,1.0104809515841868,0.9862105346374613
1400,0.0,0.0,4.0,1.0,0.1,0.75,0.9750606250772301,1.1043101394062966,1.101647068224892,1.0219973858546287,1.0460244726324757,1.1390959714185547,0.9684696904309767,1.0653602181648467,1.0006374673560734,1.0500512753024704,1.001329287208507,1.0631515455689182,1.0057789614620396,0.9787229080032251,0.9628762793142503,1.037890021472032,0.9970563185887058,0.9787619786049571,1.010009391687928,0.9814611810973296,1.0283530926113267
1401,0.0,1.0,4.0,1.0,0.1,0.75,0.9751696592661636,0.9995792566748652,1.0953263683360017,0.8558937037032988,1.0047623367940057,1.0116297034171025,1.107392489254142,0.9131922170248292,1.0459299556420167,1.0390447231761941,0.9245518130694056,0.9818891426990914,1.1036233560538158,1.003723343355859,1.0177474598097793,1.0170443281986348,0.9425850371566128,1.0557838700879774,0.9242863357982544,1.0415072028532317,0.9714247568790357
1402,0.0,0.0,4.0,1.0,0.1,1.0,0.8591707177623331,1.0574449047408503,0.9960587557173088,0.9286126980542693,0.958490219039303,0.9856320192883881,0.992289806650616,1.0311969383042294,1.0158133943697514,1.0442897166401868,1.1177266104793404,0.9700624009505192,0.9029399017865759,1.0213221672916615,0.9783988261610073,1.074397868530728,1.0438553297041773,1.0108950623041233,1.082391931893737,1.0072377902005734,1.0444807464460366
1403,0.0,1.0,4.0,1.0,0.1,1.0,0.8591794796038473,0.9771379829091907,1.0387270721182313,1.033476073556067,1.0671140074666967,0.9413007626527711,1.000815128471487,0.9896112121654905,1.0171700643747594,0.9733678130293872,1.1060800457714128,1.0165224882213766,0.976989756864472,1.07488880905303,0.9427829076219703,1.034838183031655,1.037351993848398,0.9777047799354944,1.0050839762970762,0.9786389693162869,1.0279831389944252
1404,0.0,0.0,4.0,1.0,1.0,0.01,0.8903768143616843,1.0251520457484977,1.072779032384223,1.0300015283116972,0.9785969887393212,1.1327719461178738,1.0621032620611215,1.0749421669707437,1.0641318685741856,1.0454860933911618,0.9598172188301946,1.0933263150960257,0.987871654759744,1.0760005317838797,0.9908721262081219,1.0700472185258607,0.9288794766237559,1.073707979243716,1.0288348991862544,0.9859315206786577,1.014363646899917
1405,0.0,1.0,4.0,1.0,1.0,0.01,0.8905949277270422,1.0347155096283178,0.9852006360371334,0.9111516144203033,0.9317854606366651,0.9667541523232388,1.0283060675447453,0.9925942822025315,1.030976620289898,0.9647833523681828,1.0129363317410645,0.9919729489005251,1.0163666075670208,0.9863010135308979,0.9457528116997841,0.9481523643136829,0.9626963333223785,1.0319753576390462,0.9628325773487332,0.9761829637597907,1.062538456492626
1406,0.0,0.0,4.0,1.0,1.0,0.1,0.7927213450290758,0.9673770741730041,1.0044769073850206,0.9775925567788537,1.1509005401723542,1.0397134557252317,0.9939313390057194,1.0333178400505476,1.0262423631715705,0.9371904737038138,1.0634357551428237,1.0129793251554124,0.9543383469576249,1.1186620801635916,1.015401943247629,0.9735675973187664,1.0927332254660407,1.0629741049766692,1.0635149359742968,1.0384343393043498,1.0226641930431912
1407,0.0,1.0,4.0,1.0,1.0,0.1,0.7930350467127991,0.980201033407183,0.995535084526038,0.9211117813767749,0.989927412727273,0.9293688142325478,1.0246684024146795,1.10927203654294,1.0727507346640548,1.013619188289619,1.0895846166607943,1.0814657629192574,0.9171988633778024,1.111079400459323,1.11533461573627,0.9832969969479595,1.0558342243513075,1.0112622458770115,0.9779125440823037,1.0444996239421256,1.1675558358534341
1408,0.0,0.0,4.0,1.0,1.0,0.25,0.8696578277807563,1.0129724202935764,1.0224550177161502,1.0307494821628214,0.9592950215574614,1.0203150252073678,1.0172609364142988,0.9952509722312425,0.9690347116230945,1.049623759401818,1.1052171879219266,0.9981314988105973,0.9828027313821293,1.0372464906202985,1.0954917774971955,1.01887386355679,0.9714255906224742,0.9733490258022309,1.008900631781353,1.0691663963419056,0.9781872588898094
1409,0.0,1.0,4.0,1.0,1.0,0.25,0.8695706151608797,0.9565981010218897,0.9639195567459655,1.053470650801679,1.0301525773138371,0.8842460002069209,0.9883463526216161,1.009918368268916,1.016548288543077,0.965921089255251,1.0006178264092995,1.1436159335604377,0.8893533430734426,1.1092126855377709,1.0495869723157059,1.0122520194840836,1.0244901505533999,1.0321594951564856,0.9734507897957555,0.9303645334708323,1.0195647798588194
1410,0.0,0.0,4.0,1.0,1.0,0.5,0.833710755720264,1.035916240747365,0.9028443513807246,0.985929725081261,0.9660654398708941,0.9453774025900886,1.0536684235385045,1.1680060952326183,1.01638396529897,0.9827847465016013,0.9207639093358124,1.0328980146563451,0.9349036992089578,1.0121732157336727,0.9698906400546311,1.0653111635033143,0.9551339195450801,0.9777332740868087,0.9503659594369094,0.9571068721453619,1.0813793379264003
1411,0.0,1.0,4.0,1.0,1.0,0.5,0.8342095208604682,1.004144340046141,1.0511708537254676,1.045191853258008,0.9676176073444349,0.9956517516220823,0.9745140101346224,1.03179106185846,0.9851088052221043,1.1025109784318665,0.9584995668593703,1.0039044776465915,1.028033327982625,0.9639516265744548,0.9423953227782466,1.0541034954663782,0.963094574467535,0.9516089960248013,1.0201321515352935,0.97836616781347,0.991054272905068
1412,0.0,0.0,4.0,1.0,1.0,0.75,0.9400777124616169,0.9361974529503768,0.9540775032723819,1.0892376753113497,1.0459355425666192,1.0062825568666864,1.1340201133538044,1.026047222693577,1.1102503985611885,1.0010303430484497,1.0676937630419145,1.0214892152476491,0.9789811443314941,0.9769089571069186,0.9284712162483835,0.952434768058436,1.033270779406679,0.9599621132991768,1.0464663507306924,1.1608741843325485,0.9725877940632905
1413,0.0,1.0,4.0,1.0,1.0,0.75,0.9401373328542455,1.0938762899202605,1.055277474427153,0.9784607291441382,1.035295936704112,1.1114061389047603,0.9203113493891862,1.0268518589651554,1.0570181370337373,0.948290890656399,0.9852242895737201,1.0475017398025364,0.9879600489333464,0.9913624839738623,1.1563015909349472,1.043562204880724,1.0503243787381873,1.0281575068074305,0.9514381246668814,0.9508028619156692,1.0211811343745667
1414,0.0,0.0,4.0,1.0,1.0,1.0,0.886915368230559,1.0413429373507272,1.0772713957194309,1.0509610921623918,1.1615468426266153,0.9659485126616418,1.006345272438202,0.9404052000130109,0.9697342988260581,1.0131265806547083,0.9592114137733282,1.0061927454843123,1.022268560791983,0.9234229505556628,0.9638054507358982,1.050030836221655,1.0599449511099321,0.9336713571306791,1.0307967191190626,1.0162466521703601,0.9946728342698585
1415,0.0,1.0,4.0,1.0,1.0,1.0,0.8874051766587281,1.035803942298087,1.0034824654205374,1.0606382730129131,1.0777484579993306,0.9807366754557559,0.9397570345725235,1.0088028420785946,0.9565279850611581,1.0156219279418537,1.1040583688103591,0.9949301324760199,1.095104835451106,0.9257255488749295,1.0425839274629187,1.0731661056869486,1.067847369264027,1.0018715127440136,1.0666810747099171,1.0113300424082643,1.061557353088023
1416,0.0,0.0,4.0,1.0,5.0,0.01,1.0046013885025313,1.0729250643782724,1.0716718147587856,1.0238672314403234,1.081298030513435,1.0433444756678056,1.1151634751612893,1.057791013075441,1.0934332211811015,0.9483780021764822,0.9760805804045052,1.0480955769913447,1.0645913137467717,1.112785366615154,1.0671545217556855,1.0364032710014384,1.0692395025345327,1.0965415730378913,0.9897357568260244,1.035530513411791,1.002502505887617
1417,0.0,1.0,4.0,1.0,5.0,0.01,1.004674802323386,1.0837257308945387,1.1505501153159785,1.1056240791522443,0.969720856305783,1.0855343133514628,1.086189152607976,1.0184848761667755,1.0623052077101502,1.0209147433671828,1.0105298746452782,1.0641784216258798,1.0758734323672998,1.0751535119156233,1.0458055196475906,1.1229885702718505,1.0298443262151118,0.9882490707213517,1.0335104135536657,0.9170437873352463,1.0900421616886207
1418,0.0,0.0,4.0,1.0,5.0,0.1,0.9642419108122483,1.0475346849351224,0.9985767723051516,0.9502957653682089,1.0057096841099662,1.0401363862801427,0.9966072890274028,1.0849629349798455,1.0672513187338495,0.9595192009839281,0.9941779034586284,1.1713427463688348,1.009272534353395,1.0011210050479293,0.9725181886310508,1.115854058845494,1.0748221035806007,1.083325089023243,1.0297818348112353,0.9769005168065491,0.9955272085730972
1419,0.0,1.0,4.0,1.0,5.0,0.1,0.9644464610110707,1.0188250535837033,1.1278501170408963,1.0990597888133715,1.0005924033755804,1.0761219661677066,1.1528445982451632,1.0429261778792596,0.9929496489956022,1.1330500827496102,0.9163043873122566,1.075846103437803,0.9706989111979838,1.0518017477038917,0.9758819139359366,1.082537256883903,1.0443728259555818,1.0491679996500871,1.0104633178725424,1.0288783344247698,1.0025933565141765
1420,0.0,0.0,4.0,1.0,5.0,0.25,0.9858004499880443,1.0676305001470012,1.1172024043350384,0.95827444352395,1.1133039768898016,0.9784015793560539,1.0391216534906313,1.0455728677627865,0.952146781050638,1.0252054980301317,1.148024845803015,1.0909789905106964,0.943361243290445,1.0037138666150391,1.1271487467231782,1.0813628664330066,0.9376264713818807,1.0932558315845216,1.1231194370649449,1.0509022339115341,0.9664997210929378
1421,0.0,1.0,4.0,1.0,5.0,0.25,0.9862489149997411,1.1218101250339974,0.9903695282869718,1.0386964044385323,0.9774015151410133,1.001908591362946,1.0292405345866382,1.0907609123622393,1.0613778699359733,1.1100796922450324,1.091775501356559,0.9932880645768036,1.042992287825322,0.89626958597644,1.060413546915953,1.012906985990463,1.045607914274296,0.9365871616075756,0.9871237461186458,1.0902540583682512,1.0422648969849029
1422,0.0,0.0,4.0,1.0,5.0,0.5,0.9394640817289995,1.0209601388581022,0.9631330768435015,1.1544010554724893,1.0380239544051615,0.9932269536212556,1.0980928854338425,0.9045154119983556,0.9807621586175672,1.0613899240578266,0.9482940129221085,0.9264661556814674,1.1301644964708795,0.9404174257833147,1.0496396421493503,1.0760001426225692,1.0203125639238952,0.9817330967880292,1.0338617487047683,1.038201804805731,1.1373135139151374
1423,0.0,1.0,4.0,1.0,5.0,0.5,0.9394294245844623,1.0752610591285379,1.128056782867576,0.9780292579496156,0.9459516636568438,0.9989674491508774,0.9739344070880656,1.0740404291195293,0.9673537413798614,1.0421976062072655,1.0927928316798843,0.9319820895810778,1.0294698073278665,1.0095975255369805,1.1413732893895607,0.8814301265417105,1.045160820547181,1.013355965098641,0.9636508718340003,0.9563972666816201,1.0097298457458157
1424,0.0,0.0,4.0,1.0,5.0,0.75,0.8997094911632679,1.102096576877342,0.9007247052482246,1.0233616636837548,1.0314529712474652,0.9718965517333908,1.0438104814973934,1.0386917279142067,1.0795144921219892,1.0885907297306445,1.0263664008481737,0.9944947392478223,1.0887091313512232,1.0840854382577954,1.0397075695457187,1.0324359073242422,0.9513590103389288,0.9739959139997966,0.9925858667760517,0.9684209551143653,0.9691950525442921
1425,0.0,1.0,4.0,1.0,5.0,0.75,0.8996690908387036,0.9632543087493437,1.057026008588454,0.9753812959301573,0.9863302727487975,1.0838638472258286,1.0548195603037855,1.049396947470395,0.8794580863610683,0.9967317355150117,0.9179198895137295,0.9686319496539322,0.9724042220561532,1.0315359506849993,1.0559059088840173,0.9814385105235746,0.9588784683510123,0.9884113653152697,1.0078386624698359,1.0397481988013186,0.9092847272509833
1426,0.0,0.0,4.0,1.0,5.0,1.0,0.8531563875668199,0.9945308559441488,1.0761318798157895,1.0135802524604856,1.0108044181759102,0.9917909068271825,1.0913914035614303,1.0666693588442115,1.1000685113228417,0.9374536064288115,0.9673005161991703,1.0346097475884908,1.071209020906218,0.9638228068002694,0.9596925160393183,0.9506926067850047,1.0814279165207936,1.110672813946582,1.0038302689390737,0.9955674090936143,0.9724057579447278
1427,0.0,1.0,4.0,1.0,5.0,1.0,0.8531822518352721,0.9402940408281396,1.0220902011033317,1.1137851227642825,1.1446134895369036,1.0040327113888494,1.0972085409411592,1.0158655322902517,1.0810272784986483,1.045032785356862,0.9591129916283422,0.9824912387006661,1.1234327942841806,1.0930321510051735,1.0867042163773513,1.0858736444266113,1.0628203995465366,0.9704315497661872,0.9496103855646324,0.9852684880646795,0.9410780278561462
1428,0.0,0.0,4.0,1.0,10.0,0.01,1.126132382600796,1.2093017668642423,1.0983112392008392,1.1742378477802522,1.210909152776486,1.1331821362453205,1.1383794918801935,1.169500490786206,1.0421000513856544,1.1409108048963574,1.2341072295366473,1.1454406896099558,1.1513526908380893,1.1948975651736051,1.3095048146687647,1.2503720012582689,1.0287475374373152,1.2325983516185532,1.1881410898001863,1.174350495361948,1.0677645692185809
1429,0.0,1.0,4.0,1.0,10.0,0.01,1.1268347521775355,1.0605992347770425,1.1560369313381997,1.1604322950269488,1.135241152662391,1.172949142955511,1.0886099777458864,1.0828707510258913,1.046004305591509,0.9537945169699312,1.103318914932743,1.2246616971944198,1.1176558106282366,1.1369563529190063,1.0494278130781274,1.0850520513804136,1.0453647196220437,1.1887307841255996,1.13088514064356,1.1458653763842732,1.0647167371878083
1430,0.0,0.0,4.0,1.0,10.0,0.1,0.9100967827749639,1.1468354198292847,1.2024542481522504,1.1139318739906132,1.1081808918846643,1.1844846624750367,1.1128384810413328,1.1045721470408951,1.149859235348414,1.077706262664869,1.0358126035395392,1.0725863034168903,1.1016228954224063,1.1466377370426755,1.1423508085902252,1.1365447260533537,0.9759756640284282,1.089206927774176,1.137453769818947,1.0122568547136914,1.1268064801524307
1431,0.0,1.0,4.0,1.0,10.0,0.1,0.910377121944038,1.11604870690987,1.096466511558707,1.053506459187464,1.0574565177549722,1.1432595722067556,1.1363002541362748,1.0962104761416689,0.9841757290071254,1.088335669297084,1.0198198095395545,1.0242313457345247,1.048495123579538,1.098107412655451,1.1106504647092132,1.1518890680389076,1.1511377428568703,1.0401051130541965,1.1565837970512176,1.13303309702041,1.0342682694027614
1432,0.0,0.0,4.0,1.0,10.0,0.25,0.9602563604031007,1.1017893175615623,1.1240974247373996,1.101740855729767,1.1375321110120082,1.1289089667389718,1.0106289941979958,0.9202826125010047,1.0056948529303638,1.0685607631869107,1.162203688348964,1.0556847582072153,1.0674230393461197,1.1790158142725966,1.1486351776797898,1.0416605699446853,1.037297940204771,1.0442098840488245,1.0982204785283656,0.9782128451410462,1.0749562285286702
1433,0.0,1.0,4.0,1.0,10.0,0.25,0.9604736825412983,1.0569896015449245,0.9588655066003821,1.071302431188173,1.06641862119489,1.043316304497321,1.035907937987896,1.1708913666607281,1.0749204907270153,1.1213023423216906,0.981290683990648,1.1116793279652688,0.9646205830363891,1.066660201782881,1.0789512809753865,1.0387751313856093,1.099169852497854,1.0546474205300491,1.1524232821354,0.9897717646120653,1.004066641161472
1434,0.0,0.0,4.0,1.0,10.0,0.5,0.8725150172353499,1.0490507153475301,1.016634586529408,1.0280385437478103,1.0098684076539546,0.9817626813001964,1.006645934366599,0.9860134450407552,1.017226192186948,1.0332562827763285,0.941957849053469,1.0434742701713406,1.0014187325990698,1.0058948399530845,0.9950927002431336,0.9837908160274932,1.0230042743479044,1.0146608022741503,1.00171132525937,1.0402956160859524,1.051819522170215
1435,0.0,1.0,4.0,1.0,10.0,0.5,0.8732600749743106,1.0884601572537622,1.022122630045031,0.9877692441067492,1.0711967334653807,0.9594031819362757,1.0753545144229266,1.0988932152903252,1.0824878441873818,1.047176832328964,0.9663542074262281,0.9411622399062038,0.9009264346031723,1.0282236029453768,1.0617648235394954,0.9758131544183256,1.0060040166289852,1.049026262704701,1.1467673054400518,1.0312359757418217,1.0152019853638918
1436,0.0,0.0,4.0,1.0,10.0,0.75,0.868917957362617,1.035811679911797,1.1235397369939615,0.8924905169081662,0.9333238559360078,1.0437648364105956,1.041626985420722,1.0885865090918443,0.9228205014284268,1.0261370266420522,1.051377219270608,1.0617093609541528,0.972793115914243,1.0545062533296448,1.0265404250122168,0.943708391478514,0.9982406011590258,1.1048568611299938,1.0138833176533302,0.9890461390336748,0.9643292691504679
1437,0.0,1.0,4.0,1.0,10.0,0.75,0.8690903797790068,1.0241803073178195,1.0344442482154024,1.0859135634822048,1.0731072270619253,0.9977688123965851,1.0786305013793582,1.1307091444550612,1.0093225729064355,0.9987238640709339,1.076911293555794,0.965218125682083,0.923170052814181,1.1250735868298103,0.9480056006337936,1.0059971227004383,0.9794095431841364,0.9419350178065431,0.9155935731159068,1.12171227880235,1.0077777656946378
1438,0.0,0.0,4.0,1.0,10.0,1.0,0.9991034173373294,1.0186585126425416,0.9923026856387731,1.0216413492315166,1.1046689374864735,1.029489078000464,1.0025379542209578,0.9429914408382183,1.0115400799307144,0.9582351304091778,1.1344779949626687,1.0459058449208503,1.0256182379232637,0.9609456457625016,1.0076602354066369,0.9969814207807518,1.0505888641159191,1.1144159998850265,0.9916312871273272,1.0186312662190118,0.9016524318809841
1439,0.0,1.0,4.0,1.0,10.0,1.0,0.9992442107216287,0.954071792386744,0.9597245171627572,0.9141768781266554,0.9528746476903706,0.9412118107098655,1.109959338053944,1.0557536340976326,0.9541511847686055,1.0084389479811213,1.045915704926459,1.0110090260066837,0.9831950233188814,1.0302918083165693,1.054279154356409,1.0635556299171316,1.0188077675445257,1.0351079242618455,1.0124509323701034,1.0250730676379376,0.9821373805110688
